1 13769.98 0.101571E-02 
2 13803.35 0.202851E-02 
3 13836.72 0.372023E-02 
4 13870.09 0.817380E-02 
5 13903.46 0.184460E-01 
6 13936.83 0.527780E-01 
7 13970.20 0.144468E+00 
8 14003.57 0.323539E+00 
9 14036.94 0.461085E+00 
10 14070.32 0.504180E+00 
11 14103.69 0.507064E+00 
12 14137.06 0.506802E+00 
13 14170.43 0.512670E+00 
14 14203.80 0.525132E+00 
15 14237.17 0.539531E+00 
16 14270.54 0.549128E+00 
17 14303.91 0.552824E+00 
18 14337.28 0.553201E+00 
19 14370.65 0.553900E+00 
20 14404.02 0.555491E+00 
21 14437.39 0.556250E+00 
22 14470.76 0.555957E+00 
23 14504.13 0.552287E+00 
24 14537.50 0.548059E+00 
25 14570.87 0.545123E+00 
26 14604.25 0.544926E+00 
27 14637.62 0.548762E+00 
28 14670.99 0.553291E+00 
29 14704.36 0.556179E+00 
30 14737.73 0.554503E+00 
31 14771.10 0.548979E+00 
32 14804.47 0.540924E+00 
33 14837.84 0.533875E+00 
34 14871.21 0.530778E+00 
35 14904.58 0.531175E+00 
36 14937.95 0.535119E+00 
37 14971.32 0.541097E+00 
38 15004.69 0.546703E+00 
39 15038.06 0.550295E+00 
40 15071.43 0.551946E+00 
41 15104.80 0.552662E+00 
42 15138.17 0.551698E+00 
43 15171.55 0.548674E+00 
44 15204.92 0.543985E+00 
45 15238.29 0.537469E+00 
46 15271.66 0.529611E+00 
47 15305.03 0.521936E+00 
48 15338.40 0.516583E+00 
49 15371.77 0.514816E+00 
50 15405.14 0.516277E+00 
51 15438.51 0.520410E+00 
52 15471.88 0.525235E+00 
53 15505.25 0.529100E+00 
54 15538.62 0.530488E+00 
55 15571.99 0.530350E+00 
56 15605.36 0.529444E+00 
57 15638.73 0.528509E+00 
58 15672.10 0.528518E+00 
59 15705.48 0.528552E+00 
60 15738.85 0.528398E+00 
61 15772.22 0.527016E+00 
62 15805.59 0.524588E+00 
63 15838.96 0.522517E+00 
64 15872.33 0.520314E+00 
65 15905.70 0.518632E+00 
66 15939.07 0.516946E+00 
67 15972.44 0.514400E+00 
68 16005.81 0.510754E+00 
69 16039.18 0.505231E+00 
70 16072.55 0.500356E+00 
71 16105.92 0.496819E+00 
72 16139.29 0.495301E+00 
73 16172.66 0.496049E+00 
74 16206.03 0.497174E+00 
75 16239.40 0.496622E+00 
76 16272.78 0.492473E+00 
77 16306.15 0.485426E+00 
78 16339.52 0.475641E+00 
79 16372.89 0.466522E+00 
80 16406.26 0.463083E+00 
81 16439.63 0.465757E+00 
82 16473.00 0.472982E+00 
83 16506.37 0.480884E+00 
84 16539.74 0.482333E+00 
85 16573.11 0.478006E+00 
86 16606.48 0.469219E+00 
87 16639.85 0.459613E+00 
88 16673.22 0.455587E+00 
89 16706.59 0.452379E+00 
90 16739.96 0.443553E+00 
91 16773.33 0.426293E+00 
92 16806.71 0.410174E+00 
93 16840.08 0.380717E+00 
94 16873.45 0.261160E+00 
95 16906.82 0.104928E+00 
96 16940.19 0.342834E-01 
97 16973.56 0.117632E-01 
98 17006.93 0.443619E-02 
99 17040.30 0.197173E-02 
100 17073.67 0.100043E-02 
