1 61511.0 0.000000 
2 61511.5 0.000071 
3 61584.6 0.000124 
4 61657.8 0.000188 
5 61731.2 0.000206 
6 61804.8 0.000180 
7 61878.6 0.000147 
8 61952.5 0.000096 
9 62026.6 0.000050 
10 62100.9 0.000083 
11 62175.3 0.000123 
12 62250.0 0.000147 
13 62324.8 0.000198 
14 62399.8 0.000228 
15 62475.0 0.000231 
16 62550.3 0.000232 
17 62625.9 0.000287 
18 62701.6 0.000471 
19 62777.5 0.000768 
20 62853.6 0.001189 
21 62929.9 0.002016 
22 63006.4 0.003362 
23 63083.0 0.005239 
24 63159.8 0.007906 
25 63236.9 0.011740 
26 63314.1 0.016260 
27 63391.5 0.021640 
28 63469.1 0.028570 
29 63546.9 0.036160 
30 63624.8 0.043950 
31 63703.0 0.053290 
32 63781.3 0.062440 
33 63859.9 0.073090 
34 63938.6 0.085940 
35 64017.6 0.100400 
36 64096.7 0.112900 
37 64176.0 0.125500 
38 64255.6 0.137800 
39 64335.3 0.148500 
40 64415.2 0.158900 
41 64495.3 0.167100 
42 64575.6 0.174000 
43 64656.1 0.179300 
44 64736.9 0.184800 
45 64817.8 0.189800 
46 64898.9 0.197100 
47 64980.2 0.204900 
48 65061.8 0.211700 
49 65143.5 0.217000 
50 65225.4 0.219900 
51 65307.6 0.221500 
52 65390.0 0.224000 
53 65472.5 0.227200 
54 65555.3 0.229500 
55 65638.3 0.231300 
56 65721.5 0.232600 
57 65804.9 0.232800 
58 65888.5 0.232900 
59 65972.3 0.233500 
60 66056.3 0.233100 
61 66140.6 0.232500 
62 66225.1 0.230100 
63 66309.8 0.228000 
64 66394.7 0.226100 
65 66479.8 0.223700 
66 66565.1 0.222600 
67 66650.7 0.221600 
68 66736.5 0.222000 
69 66822.5 0.223600 
70 66908.7 0.226200 
71 66995.1 0.228600 
72 67081.8 0.231000 
73 67168.7 0.233000 
74 67255.8 0.234700 
75 67343.2 0.236000 
76 67430.7 0.237200 
77 67518.5 0.237800 
78 67606.6 0.239300 
79 67694.8 0.240600 
80 67783.3 0.241800 
81 67872.0 0.242900 
82 67961.0 0.244000 
83 68050.2 0.244800 
84 68139.6 0.246100 
85 68229.3 0.247100 
86 68319.1 0.248100 
87 68409.3 0.248500 
88 68499.6 0.249100 
89 68590.3 0.249400 
90 68681.1 0.249200 
91 68772.2 0.248800 
92 68863.5 0.248300 
93 68955.1 0.247700 
94 69046.9 0.247300 
95 69139.0 0.247600 
96 69231.3 0.248500 
97 69323.8 0.249200 
98 69416.6 0.249100 
99 69509.7 0.248800 
100 69603.0 0.247900 
101 69696.5 0.246900 
102 69790.4 0.245000 
103 69884.4 0.243400 
104 69978.7 0.242400 
105 70073.3 0.241800 
106 70168.1 0.241800 
107 70263.2 0.241400 
108 70358.5 0.241000 
109 70454.1 0.240900 
110 70550.0 0.240300 
111 70646.1 0.239600 
112 70742.5 0.239200 
113 70839.1 0.239600 
114 70936.0 0.240300 
115 71033.2 0.241100 
116 71130.6 0.241800 
117 71228.3 0.242200 
118 71326.3 0.242100 
119 71424.6 0.241700 
120 71523.1 0.241300 
121 71621.9 0.240700 
122 71720.9 0.240800 
123 71820.3 0.241800 
124 71919.9 0.243300 
125 72019.8 0.244700 
126 72119.9 0.246000 
127 72220.4 0.247700 
128 72321.1 0.249300 
129 72422.1 0.249700 
130 72523.4 0.249400 
131 72625.0 0.248300 
132 72726.8 0.246200 
133 72829.0 0.243800 
134 72931.4 0.242700 
135 73034.1 0.242000 
136 73137.1 0.242800 
137 73240.4 0.244200 
138 73344.0 0.246800 
139 73447.9 0.249500 
140 73552.1 0.252600 
141 73656.6 0.254300 
142 73761.4 0.255600 
143 73866.4 0.256300 
144 73971.8 0.255600 
145 74077.5 0.254700 
146 74183.5 0.253700 
147 74289.7 0.253000 
148 74396.3 0.253900 
149 74503.2 0.255900 
150 74610.4 0.259100 
151 74717.9 0.262900 
152 74825.7 0.266500 
153 74933.9 0.270000 
154 75042.3 0.272800 
155 75151.1 0.275500 
156 75260.1 0.277800 
157 75369.5 0.279600 
158 75479.2 0.280900 
159 75589.3 0.282200 
160 75699.6 0.283000 
161 75810.3 0.283100 
162 75921.3 0.282600 
163 76032.6 0.281600 
164 76144.2 0.281300 
165 76256.2 0.281400 
166 76368.5 0.282100 
167 76481.2 0.283700 
168 76594.1 0.285700 
169 76707.4 0.287200 
170 76821.1 0.288100 
171 76935.1 0.288300 
172 77049.4 0.287200 
173 77164.0 0.286600 
174 77279.0 0.285700 
175 77394.4 0.285900 
176 77510.1 0.286700 
177 77626.1 0.287900 
178 77742.5 0.289100 
179 77859.2 0.290600 
180 77976.3 0.292300 
181 78093.7 0.293900 
182 78211.5 0.295300 
183 78329.7 0.297100 
184 78448.2 0.299000 
185 78567.0 0.300700 
186 78686.2 0.301600 
187 78805.8 0.302200 
188 78925.8 0.301400 
189 79046.1 0.300200 
190 79166.8 0.298000 
191 79287.8 0.296100 
192 79409.2 0.295200 
193 79531.0 0.294800 
194 79653.2 0.295700 
195 79775.7 0.296700 
196 79898.7 0.297700 
197 80022.0 0.299000 
198 80145.6 0.300200 
199 80269.7 0.301300 
200 80394.2 0.302400 
201 80519.0 0.303200 
202 80644.2 0.305000 
203 80769.8 0.306100 
204 80895.8 0.308000 
205 81022.2 0.308900 
206 81149.0 0.309000 
207 81276.2 0.309100 
208 81403.8 0.308600 
209 81531.8 0.308100 
210 81660.2 0.307900 
211 81789.0 0.308500 
212 81918.2 0.309500 
213 82047.8 0.311300 
214 82177.9 0.312700 
215 82308.3 0.313700 
216 82439.2 0.313700 
217 82570.4 0.313700 
218 82702.1 0.313400 
219 82834.2 0.312800 
220 82966.8 0.312500 
221 83099.7 0.312800 
222 83233.1 0.312500 
223 83366.9 0.311900 
224 83501.2 0.310800 
225 83635.9 0.309900 
226 83771.0 0.309400 
227 83906.5 0.309500 
228 84042.5 0.310100 
229 84178.9 0.311700 
230 84315.8 0.313000 
231 84453.1 0.313600 
232 84590.9 0.314000 
233 84729.1 0.313700 
234 84867.8 0.312400 
235 85006.9 0.311300 
236 85146.5 0.310900 
237 85286.6 0.311200 
238 85427.1 0.311200 
239 85568.0 0.311700 
240 85709.5 0.312600 
241 85851.4 0.312200 
242 85993.8 0.312100 
243 86136.6 0.310200 
244 86279.9 0.308500 
245 86423.7 0.306000 
246 86568.0 0.302600 
247 86712.8 0.298100 
248 86858.0 0.294300 
249 87003.7 0.290900 
250 87150.0 0.289200 
251 87296.7 0.289800 
252 87443.9 0.291600 
253 87591.6 0.293800 
254 87739.8 0.295800 
255 87888.5 0.297300 
256 88037.7 0.298400 
257 88187.5 0.298100 
258 88337.7 0.296500 
259 88488.5 0.293900 
260 88639.7 0.291400 
261 88791.5 0.288900 
262 88943.8 0.287500 
263 89096.6 0.285700 
264 89250.0 0.284100 
265 89403.8 0.282700 
266 89558.3 0.280600 
267 89713.2 0.278100 
268 89868.7 0.275600 
269 90024.7 0.273700 
270 90181.3 0.271300 
271 90338.4 0.268600 
272 90496.0 0.265900 
273 90654.3 0.264100 
274 90813.0 0.261600 
275 90972.3 0.257800 
276 91132.2 0.253600 
277 91292.7 0.249700 
278 91453.7 0.242900 
279 91615.2 0.234500 
280 91777.4 0.224200 
281 91940.1 0.214100 
282 92103.4 0.201500 
283 92267.3 0.189800 
284 92431.8 0.177400 
285 92596.8 0.165300 
286 92762.5 0.153400 
287 92928.7 0.143700 
288 93095.6 0.133400 
289 93263.0 0.123500 
290 93431.0 0.113200 
291 93599.7 0.102200 
292 93769.0 0.090730 
293 93938.8 0.079150 
294 94109.3 0.067830 
295 94280.4 0.056070 
296 94452.2 0.045780 
297 94624.5 0.036040 
298 94797.5 0.027390 
299 94971.1 0.020150 
300 95145.4 0.014450 
301 95320.3 0.010210 
302 95495.8 0.007234 
303 95672.0 0.004910 
304 95848.9 0.003291 
305 96026.4 0.002300 
306 96204.5 0.001616 
307 96383.3 0.001144 
308 96562.8 0.000818 
309 96743.0 0.000510 
310 96923.8 0.000279 
311 97105.3 0.000166 
312 97287.5 0.000118 
313 97470.4 0.000090 
314 97653.9 0.000115 
315 97838.2 0.000134 
316 98023.1 0.000066 
317 98208.8 0.000048 
318 98395.1 0.000095 
319 98582.2 0.000102 
320 98770.0 0.000164 
321 98958.5 0.000299 
322 99147.7 0.000334 
323 99337.6 0.000325 
324 99528.3 0.000320 
325 99719.7 0.000276 
326 99911.8 0.000291 
327 100105.0 0.000274 
328 100298.0 0.000161 
329 100493.0 0.000157 
330 100688.0 0.000208 
331 100884.0 0.000188 
332 101080.0 0.000145 
333 101278.0 0.000160 
334 101476.0 0.000233 
335 101675.0 0.000289 
336 101875.0 0.000264 
337 102075.0 0.000182 
338 102277.0 0.000088 
339 102479.0 0.000047 
340 102682.0 0.000114 
341 102885.0 0.000213 
342 103090.0 0.000245 
343 103295.0 0.000214 
344 103501.0 0.000196 
345 103708.0 0.000202 
346 103916.0 0.000230 
347 104125.0 0.000273 
348 104334.0 0.000271 
349 104545.0 0.000259 
350 104756.0 0.000252 
351 104968.0 0.000190 
352 104970.0 0.000000 
