1 30800.0 0.000000 
2 30810.6 0.000490 
3 30828.9 0.000586 
4 30847.3 0.000453 
5 30865.6 0.000458 
6 30884.0 0.000439 
7 30902.4 0.000531 
8 30920.8 0.000641 
9 30939.3 0.000442 
10 30957.8 0.000535 
11 30976.2 0.000655 
12 30994.8 0.000525 
13 31013.3 0.000631 
14 31031.9 0.000618 
15 31050.4 0.000496 
16 31069.0 0.000700 
17 31087.7 0.000895 
18 31106.3 0.000873 
19 31125.0 0.001045 
20 31143.7 0.001294 
21 31162.4 0.001390 
22 31181.1 0.001683 
23 31199.9 0.002132 
24 31218.7 0.002413 
25 31237.5 0.002782 
26 31256.3 0.003343 
27 31275.2 0.003846 
28 31294.0 0.004596 
29 31312.9 0.005760 
30 31331.9 0.006889 
31 31350.8 0.008313 
32 31369.8 0.010170 
33 31388.8 0.012180 
34 31407.8 0.014820 
35 31426.8 0.018160 
36 31445.9 0.021810 
37 31464.9 0.026460 
38 31484.1 0.031970 
39 31503.2 0.038570 
40 31522.3 0.046500 
41 31541.5 0.055220 
42 31560.7 0.065330 
43 31579.9 0.077400 
44 31599.2 0.091470 
45 31618.4 0.106100 
46 31637.7 0.122000 
47 31657.0 0.140600 
48 31676.4 0.158900 
49 31695.7 0.178800 
50 31715.1 0.200200 
51 31734.5 0.220500 
52 31754.0 0.241200 
53 31773.4 0.261800 
54 31792.9 0.282200 
55 31812.4 0.298600 
56 31831.9 0.314000 
57 31851.5 0.330400 
58 31871.1 0.343100 
59 31890.7 0.352900 
60 31910.3 0.360600 
61 31929.9 0.368500 
62 31949.6 0.372300 
63 31969.3 0.373700 
64 31989.0 0.375000 
65 32008.8 0.374400 
66 32028.6 0.371800 
67 32048.4 0.370300 
68 32068.2 0.368600 
69 32088.0 0.365300 
70 32107.9 0.361900 
71 32127.8 0.358000 
72 32147.7 0.354100 
73 32167.6 0.351300 
74 32187.6 0.349500 
75 32207.6 0.348400 
76 32227.6 0.345200 
77 32247.7 0.343700 
78 32267.7 0.344600 
79 32287.8 0.343600 
80 32307.9 0.343600 
81 32328.1 0.344300 
82 32348.2 0.344800 
83 32368.4 0.347400 
84 32388.7 0.349600 
85 32408.9 0.351200 
86 32429.2 0.354100 
87 32449.5 0.357800 
88 32469.8 0.362300 
89 32490.1 0.366100 
90 32510.5 0.369800 
91 32530.9 0.374800 
92 32551.3 0.379500 
93 32571.8 0.384100 
94 32592.2 0.389500 
95 32612.7 0.393600 
96 32633.2 0.397400 
97 32653.8 0.400700 
98 32674.4 0.403400 
99 32695.0 0.406500 
100 32715.6 0.410400 
101 32736.3 0.412500 
102 32756.9 0.413700 
103 32777.6 0.415800 
104 32798.4 0.415800 
105 32819.1 0.416300 
106 32839.9 0.416500 
107 32860.7 0.415300 
108 32881.6 0.414500 
109 32902.4 0.414300 
110 32923.3 0.414500 
111 32944.2 0.413400 
112 32965.2 0.412500 
113 32986.2 0.411700 
114 33007.1 0.409100 
115 33028.2 0.408600 
116 33049.2 0.409100 
117 33070.3 0.406900 
118 33091.4 0.406000 
119 33112.5 0.405600 
120 33133.7 0.405000 
121 33154.9 0.405500 
122 33176.1 0.404400 
123 33197.3 0.402400 
124 33218.6 0.402700 
125 33239.9 0.403600 
126 33261.2 0.404200 
127 33282.6 0.404700 
128 33303.9 0.404300 
129 33325.3 0.404700 
130 33346.8 0.406600 
131 33368.2 0.406800 
132 33389.7 0.406600 
133 33411.2 0.407000 
134 33432.8 0.406700 
135 33454.3 0.406500 
136 33475.9 0.406700 
137 33497.6 0.407200 
138 33519.2 0.407000 
139 33540.9 0.406600 
140 33562.6 0.406300 
141 33584.3 0.405100 
142 33606.1 0.405100 
143 33627.9 0.404900 
144 33649.7 0.403900 
145 33671.6 0.404800 
146 33693.5 0.404100 
147 33715.4 0.401600 
148 33737.3 0.403300 
149 33759.3 0.405600 
150 33781.3 0.405600 
151 33803.3 0.406300 
152 33825.3 0.407100 
153 33847.4 0.408000 
154 33869.5 0.410900 
155 33891.7 0.413500 
156 33913.8 0.416000 
157 33936.0 0.418700 
158 33958.2 0.420800 
159 33980.5 0.424500 
160 34002.8 0.427300 
161 34025.1 0.429100 
162 34047.4 0.432100 
163 34069.8 0.433300 
164 34092.2 0.433500 
165 34114.6 0.435300 
166 34137.1 0.436700 
167 34159.6 0.435400 
168 34182.1 0.434400 
169 34204.6 0.435600 
170 34227.2 0.435100 
171 34249.8 0.434300 
172 34272.5 0.434000 
173 34295.1 0.430300 
174 34317.8 0.426500 
175 34340.6 0.425400 
176 34363.3 0.424300 
177 34386.1 0.422100 
178 34408.9 0.420200 
179 34431.8 0.417900 
180 34454.6 0.416300 
181 34477.5 0.415700 
182 34500.5 0.414300 
183 34523.5 0.413900 
184 34546.5 0.414000 
185 34569.5 0.413100 
186 34592.6 0.413400 
187 34615.6 0.414500 
188 34638.8 0.415800 
189 34661.9 0.417600 
190 34685.1 0.418600 
191 34708.3 0.419400 
192 34731.6 0.421800 
193 34754.8 0.424800 
194 34778.2 0.427100 
195 34801.5 0.430500 
196 34824.9 0.434300 
197 34848.3 0.436900 
198 34871.7 0.440200 
199 34895.2 0.443400 
200 34918.7 0.445100 
201 34942.2 0.447700 
202 34965.8 0.450600 
203 34989.4 0.452900 
204 35013.0 0.455700 
205 35036.6 0.457200 
206 35060.3 0.456400 
207 35084.1 0.456400 
208 35107.8 0.458300 
209 35131.6 0.459900 
210 35155.4 0.460500 
211 35179.3 0.461400 
212 35203.1 0.461500 
213 35227.1 0.461500 
214 35251.0 0.461600 
215 35275.0 0.461500 
216 35299.0 0.462100 
217 35323.0 0.462900 
218 35347.1 0.462000 
219 35371.2 0.459600 
220 35395.4 0.458000 
221 35419.6 0.458200 
222 35443.8 0.457100 
223 35468.0 0.455500 
224 35492.3 0.455500 
225 35516.6 0.454700 
226 35540.9 0.453700 
227 35565.3 0.452800 
228 35589.7 0.451800 
229 35614.2 0.452100 
230 35638.6 0.452600 
231 35663.2 0.452600 
232 35687.7 0.451500 
233 35712.3 0.450500 
234 35736.9 0.450300 
235 35761.5 0.450800 
236 35786.2 0.452200 
237 35810.9 0.452800 
238 35835.7 0.452800 
239 35860.5 0.454400 
240 35885.3 0.456200 
241 35910.1 0.457400 
242 35935.0 0.458600 
243 35959.9 0.459500 
244 35984.9 0.460200 
245 36009.9 0.460200 
246 36034.9 0.459600 
247 36060.0 0.459500 
248 36085.1 0.458800 
249 36110.2 0.459100 
250 36135.4 0.459700 
251 36160.6 0.458400 
252 36185.8 0.457600 
253 36211.1 0.456800 
254 36236.4 0.455800 
255 36261.7 0.455300 
256 36287.1 0.453600 
257 36312.5 0.450900 
258 36337.9 0.448700 
259 36363.4 0.446900 
260 36388.9 0.445600 
261 36414.5 0.444800 
262 36440.1 0.442500 
263 36465.7 0.440600 
264 36491.4 0.440100 
265 36517.1 0.438100 
266 36542.8 0.436900 
267 36568.6 0.437600 
268 36594.4 0.436400 
269 36620.2 0.435200 
270 36646.1 0.435500 
271 36672.0 0.435700 
272 36698.0 0.436700 
273 36724.0 0.438200 
274 36750.0 0.438900 
275 36776.1 0.439000 
276 36802.2 0.440500 
277 36828.3 0.444100 
278 36854.5 0.446000 
279 36880.7 0.446800 
280 36906.9 0.449500 
281 36933.2 0.452500 
282 36959.5 0.455100 
283 36985.9 0.457200 
284 37012.3 0.459000 
285 37038.7 0.460200 
286 37065.2 0.462300 
287 37091.7 0.465800 
288 37118.3 0.468800 
289 37144.9 0.470200 
290 37171.5 0.470500 
291 37198.2 0.470500 
292 37224.9 0.471000 
293 37251.6 0.472100 
294 37278.4 0.473200 
295 37305.2 0.473400 
296 37332.1 0.472700 
297 37359.0 0.473000 
298 37385.9 0.472800 
299 37412.9 0.472800 
300 37439.9 0.473200 
301 37466.9 0.472300 
302 37494.0 0.471000 
303 37521.2 0.469700 
304 37548.3 0.469400 
305 37575.5 0.469700 
306 37602.8 0.467500 
307 37630.1 0.464700 
308 37657.4 0.463700 
309 37684.8 0.463500 
310 37712.2 0.462200 
311 37739.6 0.460400 
312 37767.1 0.460100 
313 37794.6 0.459600 
314 37822.2 0.458400 
315 37849.8 0.456700 
316 37877.5 0.456800 
317 37905.1 0.457500 
318 37932.9 0.456800 
319 37960.6 0.457100 
320 37988.4 0.457100 
321 38016.3 0.455600 
322 38044.2 0.456400 
323 38072.1 0.456900 
324 38100.1 0.454100 
325 38128.1 0.453000 
326 38156.2 0.452900 
327 38184.3 0.451100 
328 38212.4 0.449500 
329 38240.6 0.447000 
330 38268.8 0.444300 
331 38297.1 0.443000 
332 38325.4 0.441300 
333 38353.7 0.438500 
334 38382.1 0.437400 
335 38410.5 0.435200 
336 38439.0 0.431700 
337 38467.5 0.430200 
338 38496.1 0.429400 
339 38524.7 0.428000 
340 38553.3 0.428000 
341 38582.0 0.428000 
342 38610.7 0.428200 
343 38639.5 0.430100 
344 38668.3 0.433000 
345 38697.2 0.436400 
346 38726.1 0.439600 
347 38755.0 0.442300 
348 38784.0 0.444500 
349 38813.0 0.446100 
350 38842.1 0.447100 
351 38871.2 0.448300 
352 38900.4 0.447300 
353 38929.6 0.443700 
354 38958.9 0.434700 
355 38988.1 0.421100 
356 39017.5 0.405000 
357 39046.9 0.383500 
358 39076.3 0.355900 
359 39105.8 0.328600 
360 39135.3 0.293700 
361 39164.8 0.256300 
362 39194.4 0.221500 
363 39224.1 0.186900 
364 39253.8 0.152200 
365 39283.5 0.123700 
366 39313.3 0.098900 
367 39343.1 0.077500 
368 39373.0 0.058690 
369 39402.9 0.044850 
370 39432.9 0.033730 
371 39462.9 0.025150 
372 39492.9 0.018770 
373 39523.0 0.013760 
374 39553.2 0.009610 
375 39583.4 0.006888 
376 39613.6 0.004779 
377 39643.9 0.002983 
378 39674.2 0.002031 
379 39704.6 0.001633 
380 39735.0 0.001354 
381 39765.5 0.001214 
382 39796.0 0.001186 
383 39826.6 0.001077 
384 39857.2 0.001128 
385 39887.9 0.001287 
386 39918.6 0.001269 
387 39949.3 0.001177 
388 39980.1 0.001125 
389 40011.0 0.001074 
390 40041.9 0.000936 
391 40072.8 0.000751 
392 40103.8 0.000590 
393 40104.0 0.000000 
