1 16184.0 0. 
2 16186.0 1.50000E-03 
3 16189.0 2.80000E-03 
4 16192.0 3.60000E-03 
5 16194.0 3.70000E-03 
6 16197.0 3.40000E-03 
7 16200.0 3.20000E-03 
8 16202.0 3.30000E-03 
9 16205.0 3.50000E-03 
10 16207.0 3.60000E-03 
11 16210.0 3.40000E-03 
12 16213.0 3.00000E-03 
13 16215.0 2.40000E-03 
14 16218.0 1.60000E-03 
15 16221.0 3.00000E-04 
16 16223.0 0. 
17 16226.0 0. 
18 16228.0 0. 
19 16231.0 0. 
20 16234.0 0. 
21 16236.0 6.00000E-04 
22 16239.0 1.10000E-03 
23 16242.0 1.10000E-03 
24 16244.0 1.10000E-03 
25 16247.0 1.40000E-03 
26 16250.0 1.60000E-03 
27 16252.0 1.70000E-03 
28 16255.0 1.80000E-03 
29 16258.0 1.80000E-03 
30 16260.0 1.90000E-03 
31 19751.0 7.80000E-03 
32 19755.0 7.40000E-03 
33 19759.0 7.30000E-03 
34 19763.0 7.70000E-03 
35 19767.0 8.20000E-03 
36 19771.0 8.70000E-03 
37 19775.0 8.70000E-03 
38 19778.0 8.60000E-03 
39 19782.0 8.50000E-03 
40 19786.0 8.60000E-03 
41 19790.0 8.80000E-03 
42 19794.0 8.80000E-03 
43 19798.0 8.80000E-03 
44 19802.0 8.70000E-03 
45 19806.0 8.80000E-03 
46 19810.0 9.30000E-03 
47 19814.0 9.90000E-03 
48 19818.0 1.07000E-02 
49 19822.0 1.16000E-02 
50 19826.0 1.26000E-02 
51 19829.0 1.35000E-02 
52 19833.0 1.43000E-02 
53 19837.0 1.48000E-02 
54 19841.0 1.51000E-02 
55 19845.0 1.54000E-02 
56 19849.0 1.60000E-02 
57 19853.0 1.66000E-02 
58 19857.0 1.73000E-02 
59 19861.0 1.80000E-02 
60 19865.0 1.87000E-02 
61 19869.0 1.93000E-02 
62 19873.0 1.98000E-02 
63 19877.0 2.01000E-02 
64 19881.0 2.02000E-02 
65 19885.0 2.02000E-02 
66 19889.0 2.03000E-02 
67 19893.0 2.07000E-02 
68 19897.0 2.13000E-02 
69 19900.0 2.20000E-02 
70 19904.0 2.27000E-02 
71 19908.0 2.35000E-02 
72 19912.0 2.45000E-02 
73 19916.0 2.56000E-02 
74 19920.0 2.67000E-02 
75 19924.0 2.76000E-02 
76 19928.0 2.85000E-02 
77 19932.0 2.95000E-02 
78 19936.0 3.07000E-02 
79 19940.0 3.19000E-02 
80 19944.0 3.31000E-02 
81 19948.0 3.40000E-02 
82 19952.0 3.49000E-02 
83 19956.0 3.57000E-02 
84 19960.0 3.69000E-02 
85 19964.0 3.82000E-02 
86 19968.0 3.96000E-02 
87 19972.0 4.11000E-02 
88 19976.0 4.27000E-02 
89 19980.0 4.46000E-02 
90 19984.0 4.68000E-02 
91 19988.0 4.90000E-02 
92 19992.0 5.09000E-02 
93 19996.0 5.25000E-02 
94 20000.0 5.40000E-02 
95 20004.0 5.55000E-02 
96 20008.0 5.73000E-02 
97 20012.0 5.92000E-02 
98 20016.0 6.11000E-02 
99 20020.0 6.30000E-02 
100 20024.0 6.51000E-02 
101 20028.0 6.76000E-02 
102 20032.0 7.04000E-02 
103 20036.0 7.35000E-02 
104 20040.0 7.65000E-02 
105 20044.0 7.95000E-02 
106 20048.0 8.24000E-02 
107 20052.0 8.54000E-02 
108 20056.0 8.85000E-02 
109 20060.0 9.16000E-02 
110 20064.0 9.49000E-02 
111 20068.0 9.84000E-02 
112 20072.0 1.01900E-01 
113 20076.0 0.105600 
114 20080.0 0.109400 
115 20084.0 0.113500 
116 20088.0 0.118100 
117 20092.0 0.123300 
118 20096.0 0.128700 
119 20101.0 0.134000 
120 20105.0 0.139000 
121 20109.0 0.143700 
122 20113.0 0.148600 
123 20117.0 0.154200 
124 20121.0 0.160400 
125 20125.0 0.166800 
126 20129.0 0.173300 
127 20133.0 0.179600 
128 20137.0 0.186100 
129 20141.0 0.192900 
130 20145.0 0.199900 
131 20149.0 0.207100 
132 20153.0 0.214600 
133 20157.0 0.222600 
134 20161.0 0.231100 
135 20165.0 0.239900 
136 20169.0 0.248600 
137 20173.0 0.257000 
138 20178.0 0.265300 
139 20182.0 0.273800 
140 20186.0 0.283000 
141 20190.0 0.292700 
142 20194.0 0.302300 
143 20198.0 0.311800 
144 20202.0 0.321200 
145 20206.0 0.330700 
146 20210.0 0.340800 
147 20214.0 0.351100 
148 20218.0 0.361500 
149 20222.0 0.372100 
150 20227.0 0.382800 
151 20231.0 0.393500 
152 20235.0 0.404000 
153 20239.0 0.414400 
154 20243.0 0.424800 
155 20247.0 0.435600 
156 20251.0 0.447100 
157 20255.0 0.458600 
158 20259.0 0.469900 
159 20263.0 0.480700 
160 20268.0 0.491200 
161 20272.0 0.502000 
162 20276.0 0.513100 
163 20280.0 0.524100 
164 20284.0 0.534700 
165 20288.0 0.545000 
166 20292.0 0.555100 
167 20296.0 0.565200 
168 20300.0 0.575000 
169 20305.0 0.584000 
170 20309.0 0.592500 
171 20313.0 0.600900 
172 20317.0 0.609600 
173 20321.0 0.618400 
174 20325.0 0.626900 
175 20329.0 0.634600 
176 20333.0 0.642000 
177 20338.0 0.649700 
178 20342.0 0.657500 
179 20346.0 0.665000 
180 20350.0 0.671700 
181 20354.0 0.677500 
182 20358.0 0.683000 
183 20362.0 0.688700 
184 20367.0 0.694400 
185 20371.0 0.699900 
186 20375.0 0.704900 
187 20379.0 0.709500 
188 20383.0 0.714400 
189 20387.0 0.719700 
190 20392.0 0.724700 
191 20396.0 0.729100 
192 20400.0 0.733000 
193 20404.0 0.736700 
194 20408.0 0.740600 
195 20412.0 0.744300 
196 20416.0 0.747300 
197 20421.0 0.749700 
198 20425.0 0.752300 
199 20429.0 0.755000 
200 20433.0 0.757900 
201 20437.0 0.760400 
202 20442.0 0.761800 
203 20446.0 0.763100 
204 20450.0 0.764900 
205 20454.0 0.767300 
206 20458.0 0.770100 
207 20462.0 0.772500 
208 20467.0 0.774200 
209 20471.0 0.775800 
210 20475.0 0.777600 
211 20479.0 0.779400 
212 20483.0 0.780800 
213 20488.0 0.781800 
214 20492.0 0.782700 
215 20496.0 0.784000 
216 20500.0 0.786000 
217 20504.0 0.787800 
218 20509.0 0.789100 
219 20513.0 0.790100 
220 20517.0 0.791000 
221 20521.0 0.792400 
222 20525.0 0.793800 
223 20530.0 0.794500 
224 20534.0 0.794700 
225 20538.0 0.795000 
226 20542.0 0.795800 
227 20547.0 0.797400 
228 20551.0 0.799100 
229 20555.0 0.800400 
230 20559.0 0.801300 
231 20563.0 0.802500 
232 20568.0 0.803900 
233 20572.0 0.805200 
234 20576.0 0.806300 
235 20580.0 0.806900 
236 20585.0 0.807700 
237 20589.0 0.809000 
238 20593.0 0.810400 
239 20597.0 0.811400 
240 20602.0 0.812000 
241 20606.0 0.812300 
242 20610.0 0.813000 
243 20614.0 0.814100 
244 20619.0 0.815000 
245 20623.0 0.815500 
246 20627.0 0.815900 
247 20631.0 0.816400 
248 20636.0 0.817600 
249 20640.0 0.819100 
250 20644.0 0.820300 
251 20648.0 0.821300 
252 20653.0 0.822700 
253 20657.0 0.824100 
254 20661.0 0.825500 
255 20665.0 0.826400 
256 20670.0 0.826400 
257 20674.0 0.826500 
258 20678.0 0.827600 
259 20683.0 0.829600 
260 20687.0 0.831900 
261 20691.0 0.833500 
262 20695.0 0.834200 
263 20700.0 0.834800 
264 20704.0 0.836000 
265 20708.0 0.837500 
266 20713.0 0.838900 
267 20717.0 0.839900 
268 20721.0 0.840600 
269 20725.0 0.841900 
270 20730.0 0.843600 
271 20734.0 0.844900 
272 20738.0 0.845400 
273 20743.0 0.845300 
274 20747.0 0.845200 
275 20751.0 0.846000 
276 20756.0 0.847500 
277 20760.0 0.848800 
278 20764.0 0.849800 
279 20768.0 0.850600 
280 20773.0 0.851200 
281 20777.0 0.851900 
282 20781.0 0.852400 
283 20786.0 0.852400 
284 20790.0 0.852500 
285 20794.0 0.853100 
286 20799.0 0.854100 
287 20803.0 0.855100 
288 20807.0 0.855400 
289 20812.0 0.855100 
290 20816.0 0.855200 
291 20820.0 0.856100 
292 20825.0 0.857600 
293 20829.0 0.858900 
294 20833.0 0.859700 
295 20838.0 0.859800 
296 20842.0 0.860100 
297 20846.0 0.860900 
298 20851.0 0.861400 
299 20855.0 0.861500 
300 20859.0 0.861300 
301 20864.0 0.861200 
302 20868.0 0.861600 
303 20872.0 0.862300 
304 20877.0 0.862500 
305 20881.0 0.862300 
306 20886.0 0.862100 
307 20890.0 0.862200 
308 20894.0 0.862800 
309 20899.0 0.863200 
310 20903.0 0.863000 
311 20907.0 0.862500 
312 20912.0 0.862600 
313 20916.0 0.863100 
314 20921.0 0.864100 
315 20925.0 0.864800 
316 20929.0 0.864700 
317 20934.0 0.864500 
318 20938.0 0.864500 
319 20942.0 0.864700 
320 20947.0 0.864800 
321 20951.0 0.864800 
322 20956.0 0.864700 
323 20960.0 0.865100 
324 20964.0 0.865800 
325 20969.0 0.866300 
326 20973.0 0.866200 
327 20978.0 0.865900 
328 20982.0 0.865700 
329 20986.0 0.865900 
330 20991.0 0.866200 
331 20995.0 0.865800 
332 21000.0 0.864900 
333 21004.0 0.864200 
334 21008.0 0.864100 
335 21013.0 0.864900 
336 21017.0 0.865700 
337 21022.0 0.865900 
338 21026.0 0.865900 
339 21030.0 0.866000 
340 21035.0 0.866300 
341 21039.0 0.866600 
342 21044.0 0.866300 
343 21048.0 0.865300 
344 21053.0 0.864500 
345 21057.0 0.864600 
346 21061.0 0.865000 
347 21066.0 0.865200 
348 21070.0 0.864800 
349 21075.0 0.863800 
350 21079.0 0.863300 
351 21084.0 0.863600 
352 21088.0 0.863800 
353 21093.0 0.863700 
354 21097.0 0.863000 
355 21101.0 0.862300 
356 21106.0 0.862400 
357 21110.0 0.863100 
358 21115.0 0.863600 
359 21119.0 0.863600 
360 21124.0 0.863100 
361 21128.0 0.862600 
362 21133.0 0.862700 
363 21137.0 0.863000 
364 21142.0 0.863000 
365 21146.0 0.862900 
366 21151.0 0.862900 
367 21155.0 0.863000 
368 21160.0 0.863100 
369 21164.0 0.863000 
370 21169.0 0.862400 
371 21173.0 0.861900 
372 21177.0 0.861900 
373 21182.0 0.862100 
374 21186.0 0.862100 
375 21191.0 0.861900 
376 21195.0 0.861300 
377 21200.0 0.861200 
378 21204.0 0.861500 
379 21209.0 0.861700 
380 21213.0 0.861600 
381 21218.0 0.861300 
382 21222.0 0.861000 
383 21227.0 0.861300 
384 21231.0 0.861900 
385 21236.0 0.862200 
386 21240.0 0.862200 
387 21245.0 0.862300 
388 21249.0 0.862600 
389 21254.0 0.863400 
390 21259.0 0.863900 
391 21263.0 0.863800 
392 21268.0 0.863200 
393 21272.0 0.862600 
394 21277.0 0.862300 
395 21281.0 0.862300 
396 21286.0 0.862200 
397 21290.0 0.862000 
398 21295.0 0.862300 
399 21299.0 0.863100 
400 21304.0 0.863900 
401 21308.0 0.864500 
402 21313.0 0.864600 
403 21317.0 0.864300 
404 21322.0 0.864500 
405 21327.0 0.865100 
406 21331.0 0.865500 
407 21336.0 0.865500 
408 21340.0 0.865100 
409 21345.0 0.864800 
410 21349.0 0.865300 
411 21354.0 0.866200 
412 21358.0 0.866900 
413 21363.0 0.867300 
414 21368.0 0.867500 
415 21372.0 0.868000 
416 21377.0 0.868900 
417 21381.0 0.869800 
418 21386.0 0.870000 
419 21390.0 0.870000 
420 21395.0 0.870200 
421 21400.0 0.870700 
422 21404.0 0.871500 
423 21409.0 0.871900 
424 21413.0 0.871800 
425 21418.0 0.871800 
426 21422.0 0.871900 
427 21427.0 0.872000 
428 21432.0 0.871700 
429 21436.0 0.870800 
430 21441.0 0.869800 
431 21445.0 0.869600 
432 21450.0 0.870400 
433 21455.0 0.871600 
434 21459.0 0.872800 
435 21464.0 0.873400 
436 21468.0 0.873800 
437 21473.0 0.874400 
438 21478.0 0.875100 
439 21482.0 0.875400 
440 21487.0 0.875300 
441 21492.0 0.875200 
442 21496.0 0.875300 
443 21501.0 0.876000 
444 21505.0 0.876700 
445 21510.0 0.876900 
446 21515.0 0.876800 
447 21519.0 0.876900 
448 21524.0 0.877400 
449 21529.0 0.878100 
450 21533.0 0.878600 
451 21538.0 0.878600 
452 21542.0 0.878700 
453 21547.0 0.879200 
454 21552.0 0.879700 
455 21556.0 0.880100 
456 21561.0 0.880100 
457 21566.0 0.879800 
458 21570.0 0.880100 
459 21575.0 0.880900 
460 21580.0 0.881500 
461 21584.0 0.881700 
462 21589.0 0.881400 
463 21594.0 0.880900 
464 21598.0 0.880800 
465 21603.0 0.881100 
466 21608.0 0.881100 
467 21612.0 0.881000 
468 21617.0 0.880800 
469 21622.0 0.880700 
470 21626.0 0.881200 
471 21631.0 0.881600 
472 21636.0 0.881400 
473 21640.0 0.881000 
474 21645.0 0.880700 
475 21650.0 0.880600 
476 21654.0 0.880800 
477 21659.0 0.880800 
478 21664.0 0.880600 
479 21668.0 0.880600 
480 21673.0 0.881000 
481 21678.0 0.881400 
482 21683.0 0.881600 
483 21687.0 0.881200 
484 21692.0 0.880500 
485 21697.0 0.880100 
486 21701.0 0.880100 
487 21706.0 0.880000 
488 21711.0 0.879500 
489 21716.0 0.878800 
490 21720.0 0.878200 
491 21725.0 0.878400 
492 21730.0 0.879000 
493 21734.0 0.879100 
494 21739.0 0.878600 
495 21744.0 0.877700 
496 21749.0 0.876800 
497 21753.0 0.876500 
498 21758.0 0.876400 
499 21763.0 0.876100 
500 21768.0 0.875800 
501 21772.0 0.875700 
502 21777.0 0.875800 
503 21782.0 0.875800 
504 21786.0 0.875400 
505 21791.0 0.874400 
506 21796.0 0.873600 
507 21801.0 0.873300 
508 21805.0 0.873400 
509 21810.0 0.873600 
510 21815.0 0.873500 
511 21820.0 0.873200 
512 21825.0 0.873100 
513 21829.0 0.873100 
514 21834.0 0.872700 
515 21839.0 0.871800 
516 21844.0 0.870500 
517 21848.0 0.869300 
518 21853.0 0.868800 
519 21858.0 0.868800 
520 21863.0 0.868400 
521 21867.0 0.867600 
522 21872.0 0.866700 
523 21877.0 0.866000 
524 21882.0 0.865700 
525 21887.0 0.865300 
526 21891.0 0.864400 
527 21896.0 0.863200 
528 21901.0 0.862500 
529 21906.0 0.862100 
530 21911.0 0.862100 
531 21915.0 0.861700 
532 21920.0 0.860800 
533 21925.0 0.860000 
534 21930.0 0.859500 
535 21935.0 0.859400 
536 21939.0 0.859300 
537 21944.0 0.858800 
538 21949.0 0.857900 
539 21954.0 0.857200 
540 21959.0 0.856800 
541 21964.0 0.856100 
542 21968.0 0.855000 
543 21973.0 0.853700 
544 21978.0 0.852600 
545 21983.0 0.852400 
546 21988.0 0.852900 
547 21993.0 0.853300 
548 21997.0 0.853300 
549 22002.0 0.853300 
550 22007.0 0.853600 
551 22012.0 0.854200 
552 22017.0 0.854700 
553 22022.0 0.854400 
554 22026.0 0.853500 
555 22031.0 0.852600 
556 22036.0 0.852000 
557 22041.0 0.851800 
558 22046.0 0.851500 
559 22051.0 0.850800 
560 22056.0 0.850300 
561 22060.0 0.850300 
562 22065.0 0.850600 
563 22070.0 0.850800 
564 22075.0 0.850600 
565 22080.0 0.850200 
566 22085.0 0.850100 
567 22090.0 0.850400 
568 22095.0 0.850500 
569 22099.0 0.850200 
570 22104.0 0.849600 
571 22109.0 0.849200 
572 22114.0 0.849900 
573 22119.0 0.851200 
574 22124.0 0.852300 
575 22129.0 0.852900 
576 22134.0 0.852800 
577 22139.0 0.852700 
578 22143.0 0.853000 
579 22148.0 0.853500 
580 22153.0 0.853800 
581 22158.0 0.854300 
582 22163.0 0.855000 
583 22168.0 0.856100 
584 22173.0 0.857100 
585 22178.0 0.857600 
586 22183.0 0.857300 
587 22188.0 0.857100 
588 22193.0 0.857400 
589 22198.0 0.858100 
590 22202.0 0.858900 
591 22207.0 0.859100 
592 22212.0 0.859000 
593 22217.0 0.859400 
594 22222.0 0.860500 
595 22227.0 0.861700 
596 22232.0 0.862600 
597 22237.0 0.862800 
598 22242.0 0.862800 
599 22247.0 0.863400 
600 22252.0 0.864500 
601 22257.0 0.865500 
602 22262.0 0.866400 
603 22267.0 0.867100 
604 22272.0 0.867900 
605 22277.0 0.869100 
606 22282.0 0.870100 
607 22287.0 0.870400 
608 22292.0 0.870300 
609 22297.0 0.870400 
610 22302.0 0.870700 
611 22306.0 0.871300 
612 22311.0 0.871700 
613 22316.0 0.871400 
614 22321.0 0.871400 
615 22326.0 0.872000 
616 22331.0 0.873000 
617 22336.0 0.873900 
618 22341.0 0.874100 
619 22346.0 0.873900 
620 22351.0 0.874000 
621 22356.0 0.874700 
622 22361.0 0.875100 
623 22366.0 0.874800 
624 22371.0 0.873600 
625 22376.0 0.872200 
626 22381.0 0.871700 
627 22386.0 0.872100 
628 22391.0 0.872500 
629 22396.0 0.872700 
630 22401.0 0.872600 
631 22406.0 0.872500 
632 22411.0 0.872900 
633 22416.0 0.873100 
634 22422.0 0.872500 
635 22427.0 0.871500 
636 22432.0 0.870600 
637 22437.0 0.870300 
638 22442.0 0.870500 
639 22447.0 0.870500 
640 22452.0 0.869600 
641 22457.0 0.868700 
642 22462.0 0.868300 
643 22467.0 0.868400 
644 22472.0 0.868500 
645 22477.0 0.868000 
646 22482.0 0.866800 
647 22487.0 0.866100 
648 22492.0 0.866200 
649 22497.0 0.866600 
650 22502.0 0.866900 
651 22507.0 0.866500 
652 22512.0 0.865700 
653 22517.0 0.865500 
654 22523.0 0.865700 
655 22528.0 0.865700 
656 22533.0 0.865200 
657 22538.0 0.864100 
658 22543.0 0.863200 
659 22548.0 0.863200 
660 22553.0 0.863500 
661 22558.0 0.863500 
662 22563.0 0.863000 
663 22568.0 0.862300 
664 22573.0 0.861900 
665 22578.0 0.862100 
666 22584.0 0.862400 
667 22589.0 0.862200 
668 22594.0 0.862100 
669 22599.0 0.862400 
670 22604.0 0.863100 
671 22609.0 0.863900 
672 22614.0 0.864100 
673 22619.0 0.863600 
674 22624.0 0.863400 
675 22630.0 0.863500 
676 22635.0 0.863900 
677 22640.0 0.864300 
678 22645.0 0.864300 
679 22650.0 0.864300 
680 22655.0 0.865000 
681 22660.0 0.866200 
682 22665.0 0.867200 
683 22671.0 0.867800 
684 22676.0 0.868200 
685 22681.0 0.868700 
686 22686.0 0.869800 
687 22691.0 0.870800 
688 22696.0 0.870800 
689 22701.0 0.870400 
690 22707.0 0.870000 
691 22712.0 0.870200 
692 22717.0 0.871200 
693 22722.0 0.871800 
694 22727.0 0.871600 
695 22732.0 0.871100 
696 22738.0 0.870800 
697 22743.0 0.870600 
698 22748.0 0.870300 
699 22753.0 0.869000 
700 22758.0 0.866700 
701 22763.0 0.864500 
702 22769.0 0.862800 
703 22774.0 0.861400 
704 22779.0 0.859800 
705 22784.0 0.857100 
706 22789.0 0.853900 
707 22795.0 0.850800 
708 22800.0 0.847800 
709 22805.0 0.844100 
710 22810.0 0.839500 
711 22815.0 0.833700 
712 22821.0 0.827600 
713 22826.0 0.821800 
714 22831.0 0.815900 
715 22836.0 0.809200 
716 22841.0 0.801500 
717 22847.0 0.793000 
718 22852.0 0.784200 
719 22857.0 0.775600 
720 22862.0 0.766600 
721 22868.0 0.756800 
722 22873.0 0.746500 
723 22878.0 0.735900 
724 22883.0 0.725000 
725 22889.0 0.713700 
726 22894.0 0.701600 
727 22899.0 0.688700 
728 22904.0 0.675700 
729 22910.0 0.663000 
730 22915.0 0.650200 
731 22920.0 0.637100 
732 22925.0 0.623500 
733 22931.0 0.609400 
734 22936.0 0.595600 
735 22941.0 0.581700 
736 22946.0 0.567500 
737 22952.0 0.553000 
738 22957.0 0.538500 
739 22962.0 0.524300 
740 22967.0 0.510700 
741 22973.0 0.497300 
742 22978.0 0.483600 
743 22983.0 0.469600 
744 22989.0 0.455700 
745 22994.0 0.442200 
746 22999.0 0.429400 
747 23004.0 0.416700 
748 23010.0 0.403500 
749 23015.0 0.390100 
750 23020.0 0.376900 
751 23026.0 0.364100 
752 23031.0 0.352100 
753 23036.0 0.340700 
754 23041.0 0.329500 
755 23047.0 0.318800 
756 23052.0 0.308300 
757 23057.0 0.297800 
758 23063.0 0.287500 
759 23068.0 0.277200 
760 23073.0 0.267100 
761 23079.0 0.257500 
762 23084.0 0.248300 
763 23089.0 0.239300 
764 23095.0 0.230500 
765 23100.0 0.221900 
766 23105.0 0.213700 
767 23111.0 0.205900 
768 23116.0 0.198400 
769 23121.0 0.191200 
770 23127.0 0.184100 
771 23132.0 0.177300 
772 23137.0 0.170600 
773 23143.0 0.164200 
774 23148.0 0.157800 
775 23154.0 0.151400 
776 23159.0 0.145100 
777 23164.0 0.138900 
778 23170.0 0.133000 
779 23175.0 0.127600 
780 23180.0 0.122600 
781 23186.0 0.118000 
782 23191.0 0.113600 
783 23196.0 0.109300 
784 23202.0 0.105000 
785 23207.0 1.00900E-01 
786 23213.0 9.69000E-02 
787 23218.0 9.32000E-02 
788 23223.0 8.96000E-02 
789 23229.0 8.59000E-02 
790 23234.0 8.24000E-02 
791 23240.0 7.90000E-02 
792 23245.0 7.61000E-02 
793 23250.0 7.34000E-02 
794 23256.0 7.06000E-02 
795 23261.0 6.76000E-02 
796 23267.0 6.44000E-02 
797 23272.0 6.12000E-02 
798 23277.0 5.83000E-02 
799 23283.0 5.57000E-02 
800 23288.0 5.33000E-02 
801 23294.0 5.09000E-02 
802 23299.0 4.85000E-02 
803 23305.0 4.63000E-02 
804 23310.0 4.45000E-02 
805 23315.0 4.29000E-02 
806 23321.0 4.15000E-02 
807 23326.0 4.01000E-02 
808 23332.0 3.87000E-02 
809 23337.0 3.72000E-02 
810 23343.0 3.56000E-02 
811 23348.0 3.40000E-02 
812 23354.0 3.22000E-02 
813 23359.0 3.04000E-02 
814 23364.0 2.88000E-02 
815 23370.0 2.75000E-02 
816 23375.0 2.65000E-02 
817 23381.0 2.55000E-02 
818 23386.0 2.44000E-02 
819 23392.0 2.33000E-02 
820 23397.0 2.22000E-02 
821 23403.0 2.11000E-02 
822 23408.0 2.01000E-02 
823 23414.0 1.91000E-02 
824 23419.0 1.83000E-02 
825 23425.0 1.78000E-02 
826 23430.0 1.74000E-02 
827 23436.0 1.71000E-02 
828 23441.0 1.67000E-02 
829 23447.0 1.58000E-02 
830 23452.0 1.49000E-02 
831 23458.0 1.40000E-02 
832 23463.0 1.34000E-02 
833 23469.0 1.31000E-02 
834 23474.0 1.28000E-02 
835 23480.0 1.24000E-02 
836 23485.0 1.17000E-02 
837 23491.0 1.10000E-02 
838 23496.0 1.04000E-02 
839 23502.0 9.90000E-03 
840 23507.0 9.50000E-03 
841 23513.0 9.20000E-03 
842 23518.0 8.80000E-03 
843 23524.0 8.60000E-03 
844 23529.0 8.50000E-03 
845 23535.0 8.50000E-03 
846 23540.0 8.40000E-03 
847 23546.0 8.10000E-03 
848 23552.0 7.50000E-03 
849 23557.0 6.80000E-03 
850 23563.0 6.10000E-03 
851 23568.0 5.60000E-03 
852 23574.0 5.30000E-03 
853 23579.0 5.10000E-03 
854 23585.0 5.20000E-03 
855 23590.0 5.20000E-03 
856 23596.0 5.40000E-03 
857 23602.0 5.40000E-03 
858 23607.0 5.40000E-03 
859 23613.0 5.20000E-03 
860 23618.0 4.90000E-03 
861 23624.0 4.60000E-03 
862 23629.0 4.20000E-03 
863 23635.0 3.90000E-03 
864 23641.0 3.60000E-03 
865 23646.0 3.30000E-03 
866 23652.0 2.90000E-03 
867 23657.0 2.50000E-03 
868 23663.0 2.20000E-03 
869 23669.0 2.20000E-03 
870 23674.0 2.30000E-03 
871 23680.0 2.40000E-03 
872 23685.0 2.40000E-03 
873 23691.0 2.30000E-03 
874 23697.0 2.30000E-03 
875 23702.0 2.60000E-03 
876 23708.0 3.10000E-03 
877 23714.0 3.70000E-03 
878 23719.0 4.10000E-03 
879 23725.0 4.00000E-03 
880 23730.0 3.50000E-03 
881 23736.0 2.80000E-03 
882 23742.0 2.30000E-03 
883 23747.0 2.10000E-03 
884 23753.0 2.00000E-03 
885 23759.0 1.90000E-03 
886 23764.0 1.80000E-03 
887 23770.0 1.60000E-03 
888 23776.0 1.50000E-03 
889 23781.0 1.50000E-03 
890 23787.0 1.70000E-03 
891 23793.0 1.90000E-03 
892 23798.0 2.10000E-03 
893 23804.0 2.10000E-03 
894 23810.0 2.10000E-03 
895 23815.0 2.10000E-03 
896 23821.0 2.10000E-03 
897 23827.0 2.10000E-03 
898 23832.0 2.20000E-03 
899 23838.0 2.30000E-03 
900 23844.0 2.60000E-03 
901 23849.0 2.80000E-03 
902 23855.0 2.90000E-03 
903 23861.0 2.70000E-03 
904 23866.0 2.40000E-03 
905 23872.0 2.10000E-03 
906 23878.0 2.00000E-03 
907 23883.0 2.20000E-03 
908 23889.0 2.50000E-03 
909 23895.0 2.70000E-03 
910 23901.0 2.60000E-03 
911 23906.0 2.10000E-03 
912 23912.0 1.40000E-03 
913 23918.0 8.00000E-04 
914 23923.0 5.00000E-04 
915 23929.0 5.00000E-04 
916 23935.0 5.00000E-04 
917 23941.0 6.00000E-04 
918 23946.0 7.00000E-04 
919 23952.0 8.00000E-04 
920 23958.0 1.00000E-03 
921 23964.0 1.00000E-03 
922 23969.0 1.00000E-03 
923 23975.0 1.10000E-03 
924 23981.0 1.20000E-03 
925 23987.0 1.40000E-03 
926 23992.0 1.70000E-03 
927 23998.0 2.00000E-03 
928 24004.0 2.30000E-03 
929 24010.0 2.60000E-03 
930 24015.0 2.60000E-03 
931 24021.0 2.30000E-03 
932 24027.0 1.80000E-03 
933 24033.0 1.10000E-03 
934 24038.0 5.00000E-04 
935 24044.0 2.00000E-04 
936 24050.0 2.00000E-04 
937 24056.0 4.00000E-04 
938 24062.0 7.00000E-04 
939 24067.0 1.00000E-03 
940 24073.0 1.30000E-03 
941 24079.0 1.50000E-03 
942 24085.0 1.80000E-03 
943 24091.0 1.90000E-03 
944 24096.0 1.80000E-03 
945 24102.0 1.50000E-03 
946 24108.0 1.30000E-03 
947 24114.0 1.30000E-03 
948 24120.0 1.40000E-03 
949 24125.0 1.60000E-03 
950 24131.0 1.80000E-03 
951 24137.0 1.80000E-03 
952 24143.0 1.90000E-03 
953 24149.0 1.90000E-03 
954 24155.0 1.80000E-03 
955 24160.0 1.50000E-03 
956 24166.0 1.20000E-03 
957 24172.0 1.00000E-03 
958 24178.0 1.10000E-03 
959 24184.0 1.40000E-03 
960 24190.0 1.70000E-03 
961 24195.0 1.60000E-03 
962 24201.0 1.20000E-03 
963 24207.0 8.00000E-04 
964 24213.0 6.00000E-04 
965 24219.0 7.00000E-04 
966 24225.0 1.00000E-03 
967 24231.0 1.10000E-03 
968 24237.0 1.00000E-03 
969 24242.0 8.00000E-04 
970 24248.0 7.00000E-04 
971 24254.0 7.00000E-04 
972 24260.0 8.00000E-04 
973 24266.0 8.00000E-04 
974 24272.0 8.00000E-04 
975 24278.0 8.00000E-04 
976 24284.0 8.00000E-04 
977 24290.0 9.00000E-04 
978 24295.0 1.00000E-03 
979 24301.0 1.00000E-03 
980 24307.0 9.00000E-04 
981 24313.0 9.00000E-04 
982 24319.0 1.00000E-03 
983 24325.0 1.20000E-03 
984 24331.0 1.40000E-03 
985 24337.0 1.50000E-03 
986 24343.0 1.50000E-03 
987 24349.0 1.30000E-03 
988 24355.0 1.00000E-03 
989 24361.0 5.00000E-04 
990 24366.0 2.00000E-04 
991 24372.0 1.00000E-04 
992 24378.0 0. 
