1 7005. 4.64091572E-05 
2 7010. 4.64404402E-05 
3 7015. 4.64717305E-05 
4 7020. 4.65030171E-05 
5 7025. 4.65343837E-05 
6 7030. 4.65657613E-05 
7 7035. 4.65971534E-05 
8 7040. 4.66285455E-05 
9 7045. 4.66599631E-05 
10 7050. 4.66913807E-05 
11 7055. 4.67213576E-05 
12 7060. 4.67504142E-05 
13 7065. 4.67794853E-05 
14 7070. 4.68085382E-05 
15 7075. 4.68376275E-05 
16 7080. 4.68667131E-05 
17 7085. 4.68957987E-05 
18 7090. 4.69248807E-05 
19 7095. 4.69540028E-05 
20 7100. 4.69831211E-05 
21 7105. 4.70136983E-05 
22 7110. 4.70451923E-05 
23 7115. 4.70767191E-05 
24 7120. 4.71082312E-05 
25 7125. 4.71397398E-05 
26 7130. 4.71712483E-05 
27 7135. 4.72027859E-05 
28 7140. 4.72343199E-05 
29 7145. 4.72658867E-05 
30 7150. 4.72974425E-05 
31 7155. 4.73299115E-05 
32 7160. 4.73629407E-05 
33 7165. 4.73960245E-05 
34 7170. 4.74290973E-05 
35 7175. 4.74621629E-05 
36 7180. 4.74952358E-05 
37 7185. 4.75283159E-05 
38 7190. 4.75613997E-05 
39 7195. 4.75944944E-05 
40 7200. 4.76275891E-05 
41 7205. 4.76595851E-05 
42 7210. 4.76908099E-05 
43 7215. 4.77220747E-05 
44 7220. 4.77533249E-05 
45 7225. 4.77846224E-05 
46 7230. 4.78158981E-05 
47 7235. 4.78471593E-05 
48 7240. 4.78784095E-05 
49 7245. 4.79096925E-05 
50 7250. 4.79409719E-05 
51 7255. 4.79717055E-05 
52 7260. 4.80020572E-05 
53 7265. 4.8032427E-05 
54 7270. 4.80627968E-05 
55 7275. 4.8093214E-05 
56 7280. 4.81236311E-05 
57 7285. 4.81540155E-05 
58 7290. 4.81843963E-05 
59 7295. 4.82147843E-05 
60 7300. 4.82451687E-05 
61 7305. 4.8276157E-05 
62 7310. 4.83075382E-05 
63 7315. 4.83389886E-05 
64 7320. 4.8370428E-05 
65 7325. 4.84019038E-05 
66 7330. 4.84333723E-05 
67 7335. 4.84648772E-05 
68 7340. 4.84963784E-05 
69 7345. 4.85279161E-05 
70 7350. 4.85594501E-05 
71 7355. 4.8591548E-05 
72 7360. 4.86240315E-05 
73 7365. 4.86565586E-05 
74 7370. 4.86890785E-05 
75 7375. 4.87216203E-05 
76 7380. 4.87541547E-05 
77 7385. 4.87867401E-05 
78 7390. 4.88193182E-05 
79 7395. 4.88519399E-05 
80 7400. 4.88845581E-05 
81 7405. 4.8916645E-05 
82 7410. 4.89483318E-05 
83 7415. 4.8980055E-05 
84 7420. 4.90117709E-05 
85 7425. 4.90435268E-05 
86 7430. 4.90752755E-05 
87 7435. 4.91070568E-05 
88 7440. 4.91388346E-05 
89 7445. 4.91706414E-05 
90 7450. 4.92024483E-05 
91 7455. 4.92334038E-05 
92 7460. 4.92637409E-05 
93 7465. 4.92940562E-05 
94 7470. 4.93243533E-05 
95 7475. 4.93546322E-05 
96 7480. 4.93849002E-05 
97 7485. 4.9415281E-05 
98 7490. 4.94456654E-05 
99 7495. 4.94762753E-05 
100 7500. 4.95068853E-05 
101 7505. 4.95308705E-05 
102 7510. 4.95556778E-05 
103 7515. 4.95806671E-05 
104 7520. 4.96056709E-05 
105 7525. 4.96308312E-05 
106 7530. 4.96559951E-05 
107 7535. 4.96812063E-05 
108 7540. 4.97064138E-05 
109 7545. 4.97316687E-05 
110 7550. 4.97569199E-05 
111 7555. 4.97818764E-05 
112 7560. 4.98066292E-05 
113 7565. 4.98313493E-05 
114 7570. 4.98560767E-05 
115 7575. 4.98808113E-05 
116 7580. 4.99055532E-05 
117 7585. 4.99302841E-05 
118 7590. 4.99550151E-05 
119 7595. 4.99797461E-05 
120 7600. 5.00044662E-05 
121 7605. 5.00283168E-05 
122 7610. 5.0051538E-05 
123 7615. 5.00747556E-05 
124 7620. 5.00979731E-05 
125 7625. 5.01211798E-05 
126 7630. 5.01443792E-05 
127 7635. 5.01675822E-05 
128 7640. 5.01907743E-05 
129 7645. 5.0213941E-05 
130 7650. 5.0237104E-05 
131 7655. 5.02629118E-05 
132 7660. 5.0290615E-05 
133 7665. 5.03183255E-05 
134 7670. 5.0346036E-05 
135 7675. 5.03737501E-05 
136 7680. 5.04014606E-05 
137 7685. 5.04291675E-05 
138 7690. 5.04568852E-05 
139 7695. 5.04845957E-05 
140 7700. 5.05123098E-05 
141 7705. 5.05391472E-05 
142 7710. 5.05653479E-05 
143 7715. 5.05915377E-05 
144 7720. 5.06177275E-05 
145 7725. 5.0643921E-05 
146 7730. 5.06701072E-05 
147 7735. 5.06962933E-05 
148 7740. 5.07224904E-05 
149 7745. 5.07486766E-05 
150 7750. 5.07748628E-05 
151 7755. 5.07990117E-05 
152 7760. 5.08216363E-05 
153 7765. 5.08442499E-05 
154 7770. 5.08668709E-05 
155 7775. 5.08894736E-05 
156 7780. 5.091208E-05 
157 7785. 5.09346719E-05 
158 7790. 5.09572674E-05 
159 7795. 5.09798629E-05 
160 7800. 5.10024547E-05 
161 7805. 5.10263999E-05 
162 7810. 5.10513601E-05 
163 7815. 5.10763057E-05 
164 7820. 5.11012331E-05 
165 7825. 5.11261969E-05 
166 7830. 5.11511462E-05 
167 7835. 5.11760991E-05 
168 7840. 5.12010483E-05 
169 7845. 5.12259867E-05 
170 7850. 5.12509359E-05 
171 7855. 5.12758779E-05 
172 7860. 5.13008163E-05 
173 7865. 5.13257582E-05 
174 7870. 5.1350693E-05 
175 7875. 5.1375624E-05 
176 7880. 5.14005515E-05 
177 7885. 5.14254789E-05 
178 7890. 5.145041E-05 
179 7895. 5.14753265E-05 
180 7900. 5.15002503E-05 
181 7905. 5.15251668E-05 
182 7910. 5.15500833E-05 
183 7915. 5.15749998E-05 
184 7920. 5.15999127E-05 
185 7925. 5.16248256E-05 
186 7930. 5.16497312E-05 
187 7935. 5.16746622E-05 
188 7940. 5.1699586E-05 
189 7945. 5.17245826E-05 
190 7950. 5.17495901E-05 
191 7955. 5.17741755E-05 
192 7960. 5.1798379E-05 
193 7965. 5.18225788E-05 
194 7970. 5.18467714E-05 
195 7975. 5.18711277E-05 
196 7980. 5.18954948E-05 
197 7985. 5.19209279E-05 
198 7990. 5.19463611E-05 
199 7995. 5.19739551E-05 
200 8000. 5.20015492E-05 
201 8005. 5.2011801E-05 
202 8010. 5.20220565E-05 
203 8015. 5.20339381E-05 
204 8020. 5.20458198E-05 
205 8025. 5.20585745E-05 
206 8030. 5.2071322E-05 
207 8035. 5.20844806E-05 
208 8040. 5.20976428E-05 
209 8045. 5.21109905E-05 
210 8050. 5.21243383E-05 
211 8055. 5.21377369E-05 
212 8060. 5.21511283E-05 
213 8065. 5.2164527E-05 
214 8070. 5.21779257E-05 
215 8075. 5.21913498E-05 
216 8080. 5.22047703E-05 
217 8085. 5.22182163E-05 
218 8090. 5.22316659E-05 
219 8095. 5.22450864E-05 
220 8100. 5.22585106E-05 
221 8105. 5.22719565E-05 
222 8110. 5.22853916E-05 
223 8115. 5.22988194E-05 
224 8120. 5.23122617E-05 
225 8125. 5.23257077E-05 
226 8130. 5.23391573E-05 
227 8135. 5.23526105E-05 
228 8140. 5.23660565E-05 
229 8145. 5.23794879E-05 
230 8150. 5.23929157E-05 
231 8155. 5.24063689E-05 
232 8160. 5.24198222E-05 
233 8165. 5.24332863E-05 
234 8170. 5.24467359E-05 
235 8175. 5.24601674E-05 
236 8180. 5.2473606E-05 
237 8185. 5.24870593E-05 
238 8190. 5.25005162E-05 
239 8195. 5.25139803E-05 
240 8200. 5.25274445E-05 
241 8205. 5.25408868E-05 
242 8210. 5.25543182E-05 
243 8215. 5.2567786E-05 
244 8220. 5.25812502E-05 
245 8225. 5.25947071E-05 
246 8230. 5.26081749E-05 
247 8235. 5.26216209E-05 
248 8240. 5.26350632E-05 
249 8245. 5.2648531E-05 
250 8250. 5.26619879E-05 
251 8255. 5.26768999E-05 
252 8260. 5.26930089E-05 
253 8265. 5.27090924E-05 
254 8270. 5.27251832E-05 
255 8275. 5.27412994E-05 
256 8280. 5.27574157E-05 
257 8285. 5.27735356E-05 
258 8290. 5.27896445E-05 
259 8295. 5.28057426E-05 
260 8300. 5.28218443E-05 
261 8305. 5.28385499E-05 
262 8310. 5.2855743E-05 
263 8315. 5.28729215E-05 
264 8320. 5.28901073E-05 
265 8325. 5.29072822E-05 
266 8330. 5.29244571E-05 
267 8335. 5.29416611E-05 
268 8340. 5.29588724E-05 
269 8345. 5.29760437E-05 
270 8350. 5.29932222E-05 
271 8355. 5.30094367E-05 
272 8360. 5.30247962E-05 
273 8365. 5.30401558E-05 
274 8370. 5.30555153E-05 
275 8375. 5.30708458E-05 
276 8380. 5.30861835E-05 
277 8385. 5.31015467E-05 
278 8390. 5.31169135E-05 
279 8395. 5.31322803E-05 
280 8400. 5.31476471E-05 
281 8405. 5.31630249E-05 
282 8410. 5.3178399E-05 
283 8415. 5.31937512E-05 
284 8420. 5.32091071E-05 
285 8425. 5.32244849E-05 
286 8430. 5.3239859E-05 
287 8435. 5.32552476E-05 
288 8440. 5.3270629E-05 
289 8445. 5.32860067E-05 
290 8450. 5.33013917E-05 
291 8455. 5.33160892E-05 
292 8460. 5.33301682E-05 
293 8465. 5.33442508E-05 
294 8470. 5.33583334E-05 
295 8475. 5.33724524E-05 
296 8480. 5.33865823E-05 
297 8485. 5.34008796E-05 
298 8490. 5.34151768E-05 
299 8495. 5.3429816E-05 
300 8500. 5.34444625E-05 
301 8505. 5.34755272E-05 
302 8510. 5.35066029E-05 
303 8515. 5.3537995E-05 
304 8520. 5.35694016E-05 
305 8525. 5.36009429E-05 
306 8530. 5.36324842E-05 
307 8535. 5.366408E-05 
308 8540. 5.36956868E-05 
309 8545. 5.37273336E-05 
310 8550. 5.37589985E-05 
311 8555. 5.94853118E-05 
312 8560. 7.02657417E-05 
313 8565. 8.10587953E-05 
314 8570. 9.18645164E-05 
315 8575. 0.000102682949 
316 8580. 0.000113514056 
317 8585. 0.000124357815 
318 8590. 0.000135214257 
319 8595. 0.00014608333 
320 8600. 0.000156965092 
321 8605. 0.000166439233 
322 8610. 0.000174651577 
323 8615. 0.000182873453 
324 8620. 0.000191104875 
325 8625. 0.000199345814 
326 8630. 0.000207596342 
327 8635. 0.000215856388 
328 8640. 0.000224125979 
329 8645. 0.00023240516 
330 8650. 0.000240693917 
331 8655. 0.000248992059 
332 8660. 0.000257299806 
333 8665. 0.000265617186 
334 8670. 0.000273944141 
335 8675. 0.000282280671 
336 8680. 0.000290626806 
337 8685. 0.000298982457 
338 8690. 0.000307347713 
339 8695. 0.000315722602 
340 8700. 0.000324107037 
341 8705. 0.000332500902 
342 8710. 0.000340904313 
343 8715. 0.000349317503 
344 8720. 0.000357740268 
345 8725. 0.000366172666 
346 8730. 0.000374614581 
347 8735. 0.000383066101 
348 8740. 0.000391527254 
349 8745. 0.000399998069 
350 8750. 0.00040847843 
351 8755. 0.000416968425 
352 8760. 0.000425467995 
353 8765. 0.000433977053 
354 8770. 0.000442495744 
355 8775. 0.000451024214 
356 8780. 0.000459562318 
357 8785. 0.000468110025 
358 8790. 0.000476667425 
359 8795. 0.000485234399 
360 8800. 0.000493810978 
361 8805. 0.00053238566 
362 8810. 0.000599059917 
363 8815. 0.000680174446 
364 8820. 0.000774851767 
365 8825. 0.0008982523 
366 8830. 0.00104869006 
367 8835. 0.00124207954 
368 8840. 0.00147599482 
369 8845. 0.00172464235 
370 8850. 0.00198723399 
371 8855. 0.00232439861 
372 8860. 0.00273219869 
373 8865. 0.00314046605 
374 8870. 0.00354920141 
375 8875. 0.00413016276 
376 8880. 0.00487500755 
377 8885. 0.00573469047 
378 8890. 0.00670392578 
379 8895. 0.0078754006 
380 8900. 0.0092400955 
381 8905. 0.0109700486 
382 8910. 0.0130497646 
383 8915. 0.0155900577 
384 8920. 0.0185724329 
385 8925. 0.0223013554 
386 8930. 0.0267485064 
387 8935. 0.0322033539 
388 8940. 0.0386299491 
389 8945. 0.04650167 
390 8950. 0.0557691269 
391 8955. 0.0670911893 
392 8960. 0.0804022402 
393 8965. 0.0958914161 
394 8970. 0.113494173 
395 8975. 0.133825615 
396 8980. 0.156810895 
397 8985. 0.182157427 
398 8990. 0.209804147 
399 8995. 0.239116371 
400 9000. 0.270055145 
401 9005. 0.301759928 
402 9010. 0.334269971 
403 9015. 0.365629464 
404 9020. 0.395860314 
405 9025. 0.423595786 
406 9030. 0.448878527 
407 9035. 0.471302778 
408 9040. 0.490912974 
409 9045. 0.507134497 
410 9050. 0.520011902 
411 9055. 0.530169249 
412 9060. 0.537635803 
413 9065. 0.542894602 
414 9070. 0.545963764 
415 9075. 0.547893643 
416 9080. 0.548690736 
417 9085. 0.549047112 
418 9090. 0.548963428 
419 9095. 0.548653126 
420 9100. 0.548114777 
421 9105. 0.547548831 
422 9110. 0.546953678 
423 9115. 0.546460032 
424 9120. 0.546065807 
425 9125. 0.545372963 
426 9130. 0.544378996 
427 9135. 0.543628275 
428 9140. 0.543120563 
429 9145. 0.542642176 
430 9150. 0.542191982 
431 9155. 0.541728616 
432 9160. 0.541250348 
433 9165. 0.541029394 
434 9170. 0.541067481 
435 9175. 0.541078389 
436 9180. 0.541060209 
437 9185. 0.541313589 
438 9190. 0.541841805 
439 9195. 0.5422436 
440 9200. 0.542515159 
441 9205. 0.54337126 
442 9210. 0.54482311 
443 9215. 0.546220064 
444 9220. 0.547559917 
445 9225. 0.548944473 
446 9230. 0.550373673 
447 9235. 0.551890135 
448 9240. 0.553495407 
449 9245. 0.554619372 
450 9250. 0.55524677 
451 9255. 0.555960715 
452 9260. 0.556763053 
453 9265. 0.557467163 
454 9270. 0.558068871 
455 9275. 0.558600783 
456 9280. 0.559059322 
457 9285. 0.559447825 
458 9290. 0.559762716 
459 9295. 0.55997932 
460 9300. 0.560092449 
461 9305. 0.560220242 
462 9310. 0.560362816 
463 9315. 0.560661972 
464 9320. 0.561124325 
465 9325. 0.561402917 
466 9330. 0.561488509 
467 9335. 0.561758697 
468 9340. 0.562222421 
469 9345. 0.562587559 
470 9350. 0.562848508 
471 9355. 0.563194752 
472 9360. 0.5636307 
473 9365. 0.56415236 
474 9370. 0.564764142 
475 9375. 0.565376103 
476 9380. 0.565988421 
477 9385. 0.566119969 
478 9390. 0.565741003 
479 9395. 0.565588236 
480 9400. 0.565675974 
481 9405. 0.565155208 
482 9410. 0.563985527 
483 9415. 0.562786281 
484 9420. 0.561555564 
485 9425. 0.560239077 
486 9430. 0.558830559 
487 9435. 0.557420611 
488 9440. 0.556009412 
489 9445. 0.554822743 
490 9450. 0.553878069 
491 9455. 0.553256929 
492 9460. 0.552985132 
493 9465. 0.552868009 
494 9470. 0.552918255 
495 9475. 0.553391933 
496 9480. 0.554323971 
497 9485. 0.555566549 
498 9490. 0.557146728 
499 9495. 0.558671117 
500 9500. 0.560135424 
501 9505. 0.561260283 
502 9510. 0.562063336 
503 9515. 0.562696934 
504 9520. 0.563146174 
505 9525. 0.563313484 
506 9530. 0.563172638 
507 9535. 0.562678814 
508 9540. 0.561798632 
509 9545. 0.56083256 
510 9550. 0.559772909 
511 9555. 0.5586133 
512 9560. 0.557344556 
513 9565. 0.556425691 
514 9570. 0.555894017 
515 9575. 0.555417001 
516 9580. 0.555001795 
517 9585. 0.554768085 
518 9590. 0.554736495 
519 9595. 0.55475986 
520 9600. 0.554845452 
521 9605. 0.555084467 
522 9610. 0.555495262 
523 9615. 0.555764914 
524 9620. 0.555878103 
525 9625. 0.555836022 
526 9630. 0.555621564 
527 9635. 0.555349767 
528 9640. 0.555014849 
529 9645. 0.554622233 
530 9650. 0.554166436 
531 9655. 0.553849339 
532 9660. 0.55368948 
533 9665. 0.55363971 
534 9670. 0.553716004 
535 9675. 0.553874791 
536 9680. 0.554128349 
537 9685. 0.554534197 
538 9690. 0.555114329 
539 9695. 0.555707276 
540 9700. 0.556316376 
541 9705. 0.55710566 
542 9710. 0.558101594 
543 9715. 0.558915198 
544 9720. 0.559522569 
545 9725. 0.559919417 
546 9730. 0.560077488 
547 9735. 0.560275972 
548 9740. 0.560522318 
549 9745. 0.560599685 
550 9750. 0.560485423 
551 9755. 0.560550272 
552 9760. 0.560822964 
553 9765. 0.561038435 
554 9770. 0.56118983 
555 9775. 0.56171447 
556 9780. 0.562672794 
557 9785. 0.563796282 
558 9790. 0.565113068 
559 9795. 0.566553533 
560 9800. 0.568139672 
561 9805. 0.569904685 
562 9810. 0.571879804 
563 9815. 0.573701501 
564 9820. 0.575346589 
565 9825. 0.576768577 
566 9830. 0.577932537 
567 9835. 0.578984082 
568 9840. 0.579906583 
569 9845. 0.580619872 
570 9850. 0.581090152 
571 9855. 0.581364572 
572 9860. 0.58141166 
573 9865. 0.581359923 
574 9870. 0.581194222 
575 9875. 0.58092916 
576 9880. 0.580550075 
577 9885. 0.580250919 
578 9890. 0.580049515 
579 9895. 0.579707623 
580 9900. 0.579202116 
581 9905. 0.578873098 
582 9910. 0.578756571 
583 9915. 0.578320682 
584 9920. 0.577507794 
585 9925. 0.576815605 
586 9930. 0.5762707 
587 9935. 0.575585604 
588 9940. 0.57473582 
589 9945. 0.573718369 
590 9950. 0.572502911 
591 9955. 0.571297765 
592 9960. 0.570108652 
593 9965. 0.568943799 
594 9970. 0.567811489 
595 9975. 0.56684041 
596 9980. 0.566067278 
597 9985. 0.565400243 
598 9990. 0.564865291 
599 9995. 0.564668834 
600 10000. 0.564886451 
601 10005. 0.565266848 
602 10010. 0.565597653 
603 10015. 0.566008091 
604 10020. 0.566518366 
605 10025. 0.567094862 
606 10030. 0.567755282 
607 10035. 0.567976773 
608 10040. 0.56766361 
609 10045. 0.567142367 
610 10050. 0.566369534 
611 10055. 0.56534785 
612 10060. 0.564024329 
613 10065. 0.562396228 
614 10070. 0.5603953 
615 10075. 0.558157921 
616 10080. 0.555631876 
617 10085. 0.553252399 
618 10090. 0.551057041 
619 10095. 0.549319446 
620 10100. 0.548154175 
621 10105. 0.546985388 
622 10110. 0.545815229 
623 10115. 0.545119584 
624 10120. 0.545016706 
625 10125. 0.545403242 
626 10130. 0.546400547 
627 10135. 0.547560453 
628 10140. 0.548926294 
629 10145. 0.550468445 
630 10150. 0.552233934 
631 10155. 0.553903282 
632 10160. 0.555453718 
633 10165. 0.556813657 
634 10170. 0.557935119 
635 10175. 0.558579206 
636 10180. 0.55862242 
637 10185. 0.558391809 
638 10190. 0.557816803 
639 10195. 0.556762993 
640 10200. 0.555106521 
641 10205. 0.553255677 
642 10210. 0.551159859 
643 10215. 0.549196661 
644 10220. 0.547404468 
645 10225. 0.545948863 
646 10230. 0.544924736 
647 10235. 0.544293165 
648 10240. 0.544163764 
649 10245. 0.544575214 
650 10250. 0.545683026 
651 10255. 0.547564328 
652 10260. 0.550440609 
653 10265. 0.553547204 
654 10270. 0.556951046 
655 10275. 0.560777307 
656 10280. 0.56515187 
657 10285. 0.569420338 
658 10290. 0.573551953 
659 10295. 0.577563524 
660 10300. 0.581420302 
661 10305. 0.584924817 
662 10310. 0.587973833 
663 10315. 0.590632915 
664 10320. 0.592783928 
665 10325. 0.59433955 
666 10330. 0.595119298 
667 10335. 0.595749259 
668 10340. 0.596185088 
669 10345. 0.596227288 
670 10350. 0.595756769 
671 10355. 0.595351577 
672 10360. 0.595034301 
673 10365. 0.594674826 
674 10370. 0.594261527 
675 10375. 0.594171226 
676 10380. 0.594507694 
677 10385. 0.594938159 
678 10390. 0.595493138 
679 10395. 0.596006989 
680 10400. 0.596467495 
681 10405. 0.597210765 
682 10410. 0.598330259 
683 10415. 0.599165797 
684 10420. 0.599625528 
685 10425. 0.59984231 
686 10430. 0.59973532 
687 10435. 0.59950608 
688 10440. 0.599114358 
689 10445. 0.598478794 
690 10450. 0.597518206 
691 10455. 0.596300125 
692 10460. 0.594739139 
693 10465. 0.592893183 
694 10470. 0.590664327 
695 10475. 0.588553965 
696 10480. 0.586604893 
697 10485. 0.584397674 
698 10490. 0.581843853 
699 10495. 0.579301894 
700 10500. 0.576777577 
701 10505. 0.574044168 
702 10510. 0.571345687 
703 10515. 0.568861544 
704 10520. 0.566668868 
705 10525. 0.564864635 
706 10530. 0.563588738 
707 10535. 0.562728286 
708 10540. 0.562432766 
709 10545. 0.562656939 
710 10550. 0.563593805 
711 10555. 0.564730346 
712 10560. 0.566141009 
713 10565. 0.567830741 
714 10570. 0.569902778 
715 10575. 0.572014987 
716 10580. 0.574183404 
717 10585. 0.576298475 
718 10590. 0.578339994 
719 10595. 0.580261707 
720 10600. 0.582018316 
721 10605. 0.583057582 
722 10610. 0.583106458 
723 10615. 0.582613349 
724 10620. 0.581365943 
725 10625. 0.579272866 
726 10630. 0.576002419 
727 10635. 0.571506023 
728 10640. 0.565302193 
729 10645. 0.557334125 
730 10650. 0.546889484 
731 10655. 0.534105003 
732 10660. 0.51803571 
733 10665. 0.499442846 
734 10670. 0.47730732 
735 10675. 0.453172296 
736 10680. 0.426230282 
737 10685. 0.398271084 
738 10690. 0.368872255 
739 10695. 0.339344233 
740 10700. 0.30963251 
741 10705. 0.28070733 
742 10710. 0.252894461 
743 10715. 0.22688584 
744 10720. 0.20342961 
745 10725. 0.18133077 
746 10730. 0.161169127 
747 10735. 0.142596185 
748 10740. 0.126290798 
749 10745. 0.11099387 
750 10750. 0.0971361622 
751 10755. 0.0844780654 
752 10760. 0.0735460147 
753 10765. 0.0634860694 
754 10770. 0.0546809472 
755 10775. 0.0467516407 
756 10780. 0.0400825776 
757 10785. 0.0340749882 
758 10790. 0.0290191751 
759 10795. 0.0246072151 
760 10800. 0.0211292692 
761 10805. 0.0180909038 
762 10810. 0.015690228 
763 10815. 0.0135087213 
764 10820. 0.0116451327 
765 10825. 0.0100398231 
766 10830. 0.00880919304 
767 10835. 0.00773200532 
768 10840. 0.00687922025 
769 10845. 0.00612982456 
770 10850. 0.00553162722 
771 10855. 0.00495832926 
772 10860. 0.0044214339 
773 10865. 0.00397457927 
774 10870. 0.00365941087 
775 10875. 0.00339500699 
776 10880. 0.00320550869 
777 10885. 0.00296513084 
778 10890. 0.00264965883 
779 10895. 0.00243612286 
780 10900. 0.00237301178 
781 10905. 0.00222611567 
782 10910. 0.00195455737 
783 10915. 0.00174646289 
784 10920. 0.00163278508 
785 10925. 0.00150654709 
786 10930. 0.00136161665 
787 10935. 0.00120394083 
788 10940. 0.00102729804 
789 10945. 0.000888476847 
790 10950. 0.000806384778 
791 10955. 0.000726832252 
792 10960. 0.000651087495 
793 10965. 0.000575356826 
794 10970. 0.000499644724 
795 10975. 0.00042396257 
796 10980. 0.000348324247 
797 10985. 0.000285224349 
798 10990. 0.000241085421 
799 10995. 0.000222046001 
800 11000. 0.000240979251 
801 11005. 0.000227265744 
802 11010. 0.000164156707 
803 11015. 0.000125271341 
804 11020. 0.000123021935 
805 11025. 0.000120772442 
806 11030. 0.000118522847 
807 11035. 0.00011627315 
808 11040. 0.000114023343 
809 11045. 0.00011177345 
810 11050. 0.000109523447 
811 11055. 0.000107273343 
812 11060. 0.000105023144 
813 11065. 0.00010277285 
814 11070. 0.000100522448 
815 11075. 9.82719503E-05 
816 11080. 9.60213438E-05 
817 11085. 9.377065E-05 
818 11090. 9.15198543E-05 
819 11095. 8.92689568E-05 
820 11100. 8.70179574E-05 
821 11105. 8.47668634E-05 
822 11110. 8.25156603E-05 
823 11115. 8.02643699E-05 
824 11120. 7.80129776E-05 
825 11125. 7.57614762E-05 
826 11130. 7.35098729E-05 
827 11135. 7.12581823E-05 
828 11140. 6.90063898E-05 
829 11145. 6.67544882E-05 
830 11150. 6.4502492E-05 
831 11155. 6.55905387E-05 
832 11160. 7.19022064E-05 
833 11165. 7.82141578E-05 
834 11170. 8.4526393E-05 
835 11175. 9.08388974E-05 
836 11180. 9.71516856E-05 
837 11185. 0.000103464743 
838 11190. 0.000109778099 
839 11195. 0.000116091724 
840 11200. 0.000122405632 
841 11205. 0.00012871981 
842 11210. 0.000135034294 
843 11215. 0.000141349024 
844 11220. 0.000147664046 
845 11225. 0.000153979359 
846 11230. 0.000160294949 
847 11235. 0.000166610815 
848 11240. 0.000172926928 
849 11245. 0.000179243376 
850 11250. 0.000185560071 
851 11255. 0.000189266706 
852 11260. 0.000188785736 
853 11265. 0.000188304723 
854 11270. 0.000187823709 
855 11275. 0.000187342652 
856 11280. 0.000186861624 
857 11285. 0.000186380537 
858 11290. 0.000185899407 
859 11295. 0.000185418307 
860 11300. 0.000184937133 
861 11305. 0.000184455974 
862 11310. 0.000183974771 
863 11315. 0.000183493568 
864 11320. 0.000183012336 
865 11325. 0.000182531061 
866 11330. 0.000182049786 
867 11335. 0.000181568481 
868 11340. 0.000181087162 
869 11345. 0.000180605828 
870 11350. 0.000180124465 
871 11355. 0.000179643088 
872 11360. 0.000179161652 
873 11365. 0.000178680231 
874 11370. 0.000178198781 
875 11375. 0.000177717317 
876 11380. 0.000177235837 
877 11385. 0.000176754314 
878 11390. 0.000176272777 
879 11395. 0.00017579121 
880 11400. 0.000175309629 
881 11405. 0.000174828048 
882 11410. 0.000174346409 
883 11415. 0.00017386477 
884 11420. 0.000173383101 
885 11425. 0.000172901418 
886 11430. 0.000172419706 
887 11435. 0.00017193798 
888 11440. 0.000171456239 
889 11445. 0.000170974454 
890 11450. 0.000170492669 
891 11455. 0.000170010826 
892 11460. 0.000169529027 
893 11465. 0.00016904714 
894 11470. 0.000168565268 
895 11475. 0.000168083381 
896 11480. 0.000167601451 
897 11485. 0.000167119506 
898 11490. 0.000166637532 
899 11495. 0.000166155558 
900 11500. 0.000165673555 
901 11505. 0.000165187128 
902 11510. 0.000164700716 
903 11515. 0.000164214318 
904 11520. 0.00016372792 
905 11525. 0.000163241522 
906 11530. 0.000162755125 
907 11535. 0.000162268756 
908 11540. 0.000161782358 
909 11545. 0.000161295975 
910 11550. 0.000160809592 
911 11555. 0.000160323223 
912 11560. 0.000159836854 
913 11565. 0.0001593505 
914 11570. 0.000158864161 
915 11575. 0.000158377778 
916 11580. 0.000157891453 
917 11585. 0.000157405084 
918 11590. 0.000156918759 
919 11595. 0.000156432405 
920 11600. 0.000155946094 
921 11605. 0.000155459769 
922 11610. 0.00015497343 
923 11615. 0.000154487119 
924 11620. 0.000154000809 
925 11625. 0.000153514484 
926 11630. 0.000153028188 
927 11635. 0.000152541877 
928 11640. 0.000152055582 
929 11645. 0.0001515693 
930 11650. 0.000151083004 
931 11655. 0.000150596723 
932 11660. 0.000150110442 
933 11665. 0.00014962416 
934 11670. 0.000149137893 
935 11675. 0.000148651627 
936 11680. 0.00014816536 
937 11685. 0.000147679108 
938 11690. 0.000147192855 
939 11695. 0.000146706603 
940 11700. 0.000146220365 
941 11705. 0.000145734113 
942 11710. 0.000145247875 
943 11715. 0.000144761638 
944 11720. 0.000144275415 
945 11725. 0.000143789177 
946 11730. 0.000143302968 
947 11735. 0.00014281676 
948 11740. 0.000142330551 
949 11745. 0.000141844343 
950 11750. 0.000141358134 
951 11755. 0.00014087194 
952 11760. 0.000140385731 
953 11765. 0.000139899552 
954 11770. 0.000139413372 
955 11775. 0.000138927193 
956 11780. 0.000138441013 
957 11785. 0.000137954834 
958 11790. 0.000137468669 
959 11795. 0.000136982489 
960 11800. 0.000136496339 
961 11805. 0.000136010189 
962 11810. 0.000135524038 
963 11815. 0.000135037888 
964 11820. 0.000134551738 
965 11825. 0.000134065602 
966 11830. 0.000133579466 
967 11835. 0.000133093345 
968 11840. 0.000132607223 
969 11845. 0.000132121102 
970 11850. 0.000131634981 
971 11855. 0.000131148874 
972 11860. 0.000130662753 
973 11865. 0.000130176646 
974 11870. 0.000129690554 
975 11875. 0.000129204462 
976 11880. 0.00012871837 
977 11885. 0.000128232263 
978 11890. 0.000127746185 
979 11895. 0.000127260108 
980 11900. 0.000126774044 
981 11905. 0.000126456958 
982 11910. 0.000126456405 
983 11915. 0.000126455838 
984 11920. 0.00012645527 
985 11925. 0.000126454717 
986 11930. 0.00012645415 
987 11935. 0.000126453597 
988 11940. 0.000126453044 
989 11945. 0.000126452476 
990 11950. 0.000126451923 
991 11955. 0.000124262966 
992 11960. 0.000117939344 
993 11965. 0.000111615765 
994 11970. 0.000105292253 
995 11975. 9.89687906E-05 
996 11980. 9.26453868E-05 
997 11985. 8.63220412E-05 
998 11990. 7.99987465E-05 
999 11995. 7.36755101E-05 
1000 12000. 6.73523245E-05 
1001 12005. 6.3205167E-05 
1002 12010. 6.32061419E-05 
1003 12015. 6.32071169E-05 
1004 12020. 6.32081064E-05 
1005 12025. 6.32090741E-05 
1006 12030. 6.32100564E-05 
1007 12035. 6.32110387E-05 
1008 12040. 6.32120209E-05 
1009 12045. 6.32129886E-05 
1010 12050. 6.32139781E-05 
1011 12055. 6.32149531E-05 
1012 12060. 6.32159281E-05 
1013 12065. 6.32169103E-05 
1014 12070. 6.32178926E-05 
1015 12075. 6.32188676E-05 
1016 12080. 6.32198426E-05 
1017 12085. 6.32208248E-05 
1018 12090. 6.32218071E-05 
1019 12095. 6.3222782E-05 
1020 12100. 6.32237643E-05 
1021 12105. 6.32247393E-05 
1022 12110. 6.32257143E-05 
1023 12115. 6.32266965E-05 
1024 12120. 6.32276788E-05 
1025 12125. 6.32286537E-05 
1026 12130. 6.3229636E-05 
1027 12135. 6.3230611E-05 
1028 12140. 6.32315932E-05 
1029 12145. 6.32325682E-05 
1030 12150. 6.32335505E-05 
1031 12155. 6.32345254E-05 
1032 12160. 6.32355077E-05 
1033 12165. 6.32364827E-05 
1034 12170. 6.32374649E-05 
1035 12175. 6.32384472E-05 
1036 12180. 6.32394222E-05 
1037 12185. 6.32403971E-05 
1038 12190. 6.32413794E-05 
1039 12195. 6.32423544E-05 
1040 12200. 6.32433366E-05 
1041 12205. 6.32443189E-05 
1042 12210. 6.32452939E-05 
1043 12215. 6.32462688E-05 
1044 12220. 6.32472511E-05 
1045 12225. 6.32482261E-05 
1046 12230. 6.32492083E-05 
1047 12235. 6.32501906E-05 
1048 12240. 6.32511656E-05 
1049 12245. 6.32521405E-05 
1050 12250. 6.32531228E-05 
1051 12255. 6.3254105E-05 
1052 12260. 6.325508E-05 
1053 12265. 6.32560623E-05 
1054 12270. 6.32570373E-05 
1055 12275. 6.32580195E-05 
1056 12280. 6.32589945E-05 
1057 12285. 6.32599767E-05 
1058 12290. 6.32609517E-05 
1059 12295. 6.32619267E-05 
1060 12300. 6.3262909E-05 
1061 12305. 6.32638912E-05 
1062 12310. 6.32648662E-05 
1063 12315. 6.32658484E-05 
1064 12320. 6.32668234E-05 
1065 12325. 6.32677984E-05 
1066 12330. 6.32687807E-05 
1067 12335. 6.32697629E-05 
1068 12340. 6.32707379E-05 
1069 12345. 6.32717201E-05 
1070 12350. 6.32726951E-05 
1071 12355. 6.32736774E-05 
1072 12360. 6.32746523E-05 
1073 12365. 6.32756346E-05 
1074 12370. 6.32766096E-05 
1075 12375. 6.32775918E-05 
1076 12380. 6.32785668E-05 
1077 12385. 6.32795491E-05 
1078 12390. 6.32805313E-05 
1079 12395. 6.32815063E-05 
1080 12400. 6.32824813E-05 
1081 12405. 6.32834635E-05 
1082 12410. 6.32844385E-05 
1083 12415. 6.32854208E-05 
1084 12420. 6.3286403E-05 
1085 12425. 6.3287378E-05 
1086 12430. 6.3288353E-05 
1087 12435. 6.32893352E-05 
1088 12440. 6.32903175E-05 
1089 12445. 6.32912925E-05 
1090 12450. 6.32922747E-05 
1091 12455. 6.3293257E-05 
1092 12460. 6.32942247E-05 
1093 12465. 6.32952069E-05 
1094 12470. 6.32961892E-05 
1095 12475. 6.32971714E-05 
1096 12480. 6.32981391E-05 
1097 12485. 6.32991287E-05 
1098 12490. 6.33001036E-05 
1099 12495. 6.33010786E-05 
1100 12500. 6.33020609E-05 
1101 12505. 6.32959127E-05 
1102 12510. 6.32897572E-05 
1103 12515. 6.32836091E-05 
1104 12520. 6.32774536E-05 
1105 12525. 6.32712981E-05 
1106 12530. 6.32651499E-05 
1107 12535. 6.32589945E-05 
1108 12540. 6.3252839E-05 
1109 12545. 6.32466908E-05 
1110 12550. 6.32405427E-05 
1111 12555. 6.32343872E-05 
1112 12560. 6.32282317E-05 
1113 12565. 6.32220836E-05 
1114 12570. 6.32159354E-05 
1115 12575. 6.32097799E-05 
1116 12580. 6.32036244E-05 
1117 12585. 6.31974763E-05 
1118 12590. 6.31913281E-05 
1119 12595. 6.31851726E-05 
1120 12600. 6.31790172E-05 
1121 12605. 6.3172869E-05 
1122 12610. 6.31667208E-05 
1123 12615. 6.31605653E-05 
1124 12620. 6.31544099E-05 
1125 12625. 6.31482617E-05 
1126 12630. 6.31421135E-05 
1127 12635. 6.3135958E-05 
1128 12640. 6.31298099E-05 
1129 12645. 6.31236544E-05 
1130 12650. 6.31174989E-05 
1131 12655. 6.31113508E-05 
1132 12660. 6.31051953E-05 
1133 12665. 6.30990398E-05 
1134 12670. 6.30928917E-05 
1135 12675. 6.30867435E-05 
1136 12680. 6.3080588E-05 
1137 12685. 6.30744325E-05 
1138 12690. 6.30682844E-05 
1139 12695. 6.30621362E-05 
1140 12700. 6.30559807E-05 
1141 12705. 6.30498325E-05 
1142 12710. 6.30436771E-05 
1143 12715. 6.30375289E-05 
1144 12720. 6.30313734E-05 
1145 12725. 6.30252252E-05 
1146 12730. 6.30190698E-05 
1147 12735. 6.30129216E-05 
1148 12740. 6.30067661E-05 
1149 12745. 6.3000618E-05 
1150 12750. 6.29944698E-05 
1151 12755. 6.29883143E-05 
1152 12760. 6.29821589E-05 
1153 12765. 6.29760107E-05 
1154 12770. 6.29698552E-05 
1155 12775. 6.29636997E-05 
1156 12780. 6.29575516E-05 
1157 12785. 6.29513961E-05 
1158 12790. 6.29452479E-05 
1159 12795. 6.29390925E-05 
1160 12800. 6.2932937E-05 
1161 12805. 6.29267888E-05 
1162 12810. 6.29206406E-05 
1163 12815. 6.29144924E-05 
1164 12820. 6.29083297E-05 
1165 12825. 6.29021815E-05 
1166 12830. 6.28960333E-05 
1167 12835. 6.28898852E-05 
1168 12840. 6.28837224E-05 
1169 12845. 6.28775742E-05 
1170 12850. 6.28714261E-05 
1171 12855. 6.28652779E-05 
1172 12860. 6.28591151E-05 
1173 12865. 6.28529669E-05 
1174 12870. 6.28468188E-05 
1175 12875. 6.28406706E-05 
1176 12880. 6.28345151E-05 
1177 12885. 6.28283597E-05 
1178 12890. 6.28222115E-05 
1179 12895. 6.2816056E-05 
1180 12900. 6.28099006E-05 
1181 12905. 6.28037524E-05 
1182 12910. 6.27975969E-05 
1183 12915. 6.27914487E-05 
1184 12920. 6.27852933E-05 
1185 12925. 6.27791378E-05 
1186 12930. 6.27729896E-05 
1187 12935. 6.27668414E-05 
1188 12940. 6.2760686E-05 
1189 12945. 6.27545378E-05 
1190 12950. 6.27483823E-05 
1191 12955. 6.27422341E-05 
1192 12960. 6.27360787E-05 
1193 12965. 6.27299305E-05 
1194 12970. 6.2723775E-05 
1195 12975. 6.27176269E-05 
1196 12980. 6.27114714E-05 
1197 12985. 6.27053232E-05 
1198 12990. 6.26991678E-05 
1199 12995. 6.26930196E-05 
1200 13000. 6.26868641E-05 
1201 13005. 6.26882829E-05 
1202 13010. 6.26897672E-05 
1203 13015. 6.2691237E-05 
1204 13020. 6.2692714E-05 
1205 13025. 6.2694191E-05 
1206 13030. 6.26956753E-05 
1207 13035. 6.2697145E-05 
1208 13040. 6.26986148E-05 
1209 13045. 6.27000991E-05 
1210 13050. 6.27015761E-05 
1211 13055. 6.27030531E-05 
1212 13060. 6.27045301E-05 
1213 13065. 6.27060072E-05 
1214 13070. 6.27074769E-05 
1215 13075. 6.27089612E-05 
1216 13080. 6.27104382E-05 
1217 13085. 6.27119152E-05 
1218 13090. 6.2713385E-05 
1219 13095. 6.2714862E-05 
1220 13100. 6.2716339E-05 
1221 13105. 6.27178233E-05 
1222 13110. 6.27193003E-05 
1223 13115. 6.27207701E-05 
1224 13120. 6.27222471E-05 
1225 13125. 6.27237241E-05 
1226 13130. 6.27252011E-05 
1227 13135. 6.27266854E-05 
1228 13140. 6.27281552E-05 
1229 13145. 6.27296322E-05 
1230 13150. 6.27311019E-05 
1231 13155. 6.27325862E-05 
1232 13160. 6.27340632E-05 
1233 13165. 6.27355403E-05 
1234 13170. 6.27370173E-05 
1235 13175. 6.27384943E-05 
1236 13180. 6.27399641E-05 
1237 13185. 6.27414483E-05 
1238 13190. 6.27429254E-05 
1239 13195. 6.27443951E-05 
1240 13200. 6.27458721E-05 
1241 13205. 6.27473491E-05 
1242 13210. 6.27488262E-05 
1243 13215. 6.27503105E-05 
1244 13220. 6.27517875E-05 
1245 13225. 6.27532572E-05 
1246 13230. 6.27547342E-05 
1247 13235. 6.27562113E-05 
1248 13240. 6.27576883E-05 
1249 13245. 6.27591726E-05 
1250 13250. 6.27606496E-05 
1251 13255. 6.27621193E-05 
1252 13260. 6.27635964E-05 
1253 13265. 6.27650734E-05 
1254 13270. 6.27665504E-05 
1255 13275. 6.27680274E-05 
1256 13280. 6.27695044E-05 
1257 13285. 6.27709815E-05 
1258 13290. 6.27724512E-05 
1259 13295. 6.27739428E-05 
1260 13300. 6.27754125E-05 
1261 13305. 6.27768895E-05 
1262 13310. 6.27783666E-05 
1263 13315. 6.27798436E-05 
1264 13320. 6.27813133E-05 
1265 13325. 6.27827976E-05 
1266 13330. 6.27842746E-05 
1267 13335. 6.27857517E-05 
1268 13340. 6.27872287E-05 
1269 13345. 6.27886984E-05 
1270 13350. 6.27901827E-05 
1271 13355. 6.27916597E-05 
1272 13360. 6.27931367E-05 
1273 13365. 6.27946065E-05 
1274 13370. 6.27960908E-05 
1275 13375. 6.27975678E-05 
1276 13380. 6.27990376E-05 
1277 13385. 6.28005218E-05 
1278 13390. 6.28019989E-05 
1279 13395. 6.28034686E-05 
1280 13400. 6.28049456E-05 
1281 13405. 6.28064299E-05 
1282 13410. 6.28078997E-05 
1283 13415. 6.28093767E-05 
1284 13420. 6.2810861E-05 
1285 13425. 6.28123307E-05 
1286 13430. 6.28138077E-05 
1287 13435. 6.2815292E-05 
1288 13440. 6.28167618E-05 
1289 13445. 6.28182388E-05 
1290 13450. 6.28197158E-05 
1291 13455. 6.28211928E-05 
1292 13460. 6.28226699E-05 
1293 13465. 6.28241542E-05 
1294 13470. 6.28256239E-05 
1295 13475. 6.28271009E-05 
1296 13480. 6.28285779E-05 
1297 13485. 6.2830055E-05 
1298 13490. 6.28315247E-05 
1299 13495. 6.28330163E-05 
1300 13500. 6.2834486E-05 
1301 13505. 6.28318376E-05 
1302 13510. 6.28291818E-05 
1303 13515. 6.28265407E-05 
1304 13520. 6.28238995E-05 
1305 13525. 6.2821251E-05 
1306 13530. 6.28185953E-05 
1307 13535. 6.28159469E-05 
1308 13540. 6.28132984E-05 
1309 13545. 6.281065E-05 
1310 13550. 6.28080088E-05 
1311 13555. 6.28053604E-05 
1312 13560. 6.28027046E-05 
1313 13565. 6.28000562E-05 
1314 13570. 6.27974077E-05 
1315 13575. 6.27947593E-05 
1316 13580. 6.27921181E-05 
1317 13585. 6.27894697E-05 
1318 13590. 6.27868139E-05 
1319 13595. 6.27841655E-05 
1320 13600. 6.2781517E-05 
1321 13605. 6.27788686E-05 
1322 13610. 6.27762274E-05 
1323 13615. 6.2773579E-05 
1324 13620. 6.27709233E-05 
1325 13625. 6.27682748E-05 
1326 13630. 6.27656264E-05 
1327 13635. 6.27629852E-05 
1328 13640. 6.27603367E-05 
1329 13645. 6.27576883E-05 
1330 13650. 6.27550326E-05 
1331 13655. 6.27523914E-05 
1332 13660. 6.27497429E-05 
1333 13665. 6.27470872E-05 
1334 13670. 6.2744446E-05 
1335 13675. 6.27417976E-05 
1336 13680. 6.27391491E-05 
1337 13685. 6.27365007E-05 
1338 13690. 6.2733845E-05 
1339 13695. 6.27311965E-05 
1340 13700. 6.27285553E-05 
1341 13705. 6.27259069E-05 
1342 13710. 6.27232512E-05 
1343 13715. 6.27206027E-05 
1344 13720. 6.27179543E-05 
1345 13725. 6.27153058E-05 
1346 13730. 6.27126647E-05 
1347 13735. 6.27100162E-05 
1348 13740. 6.27073605E-05 
1349 13745. 6.2704712E-05 
1350 13750. 6.27020636E-05 
1351 13755. 6.26994224E-05 
1352 13760. 6.2696774E-05 
1353 13765. 6.26941255E-05 
1354 13770. 6.26914698E-05 
1355 13775. 6.26888286E-05 
1356 13780. 6.26861729E-05 
1357 13785. 6.26835317E-05 
1358 13790. 6.26808833E-05 
1359 13795. 6.26782348E-05 
1360 13800. 6.26755791E-05 
1361 13805. 6.26729307E-05 
1362 13810. 6.26702822E-05 
1363 13815. 6.2667641E-05 
1364 13820. 6.26649853E-05 
1365 13825. 6.26623441E-05 
1366 13830. 6.26596884E-05 
1367 13835. 6.265704E-05 
1368 13840. 6.26543915E-05 
1369 13845. 6.26517431E-05 
1370 13850. 6.26491019E-05 
1371 13855. 6.26464534E-05 
1372 13860. 6.26437977E-05 
1373 13865. 6.26411493E-05 
1374 13870. 6.26385008E-05 
1375 13875. 6.26358524E-05 
1376 13880. 6.26332039E-05 
1377 13885. 6.26305555E-05 
1378 13890. 6.2627907E-05 
1379 13895. 6.26252586E-05 
1380 13900. 6.26226029E-05 
1381 13905. 6.26199617E-05 
1382 13910. 6.26173132E-05 
1383 13915. 6.26146648E-05 
1384 13920. 6.26120163E-05 
1385 13925. 6.26093679E-05 
1386 13930. 6.26067122E-05 
1387 13935. 6.26040637E-05 
1388 13940. 6.26014153E-05 
1389 13945. 6.25987741E-05 
1390 13950. 6.25961256E-05 
1391 13955. 6.25934699E-05 
1392 13960. 6.25908215E-05 
1393 13965. 6.25881803E-05 
1394 13970. 6.25855246E-05 
1395 13975. 6.25828761E-05 
1396 13980. 6.25802277E-05 
1397 13985. 6.25775792E-05 
1398 13990. 6.25749308E-05 
1399 13995. 6.25722823E-05 
1400 14000. 6.25696339E-05 
1401 14005. 6.25627217E-05 
1402 14010. 6.25558023E-05 
1403 14015. 6.25488901E-05 
1404 14020. 6.2541978E-05 
1405 14025. 6.25350585E-05 
1406 14030. 6.25281464E-05 
1407 14035. 6.25212269E-05 
1408 14040. 6.25143148E-05 
1409 14045. 6.25073953E-05 
1410 14050. 6.25004905E-05 
1411 14055. 6.2493571E-05 
1412 14060. 6.24866589E-05 
1413 14065. 6.24797467E-05 
1414 14070. 6.24728273E-05 
1415 14075. 6.24659151E-05 
1416 14080. 6.24590029E-05 
1417 14085. 6.24520908E-05 
1418 14090. 6.24451714E-05 
1419 14095. 6.24382519E-05 
1420 14100. 6.24313398E-05 
1421 14105. 6.24244203E-05 
1422 14110. 6.24175154E-05 
1423 14115. 6.2410596E-05 
1424 14120. 6.24036838E-05 
1425 14125. 6.23967644E-05 
1426 14130. 6.23898522E-05 
1427 14135. 6.23829328E-05 
1428 14140. 6.23760207E-05 
1429 14145. 6.23691085E-05 
1430 14150. 6.23621891E-05 
1431 14155. 6.23552769E-05 
1432 14160. 6.23483647E-05 
1433 14165. 6.23414453E-05 
1434 14170. 6.23345331E-05 
1435 14175. 6.23276137E-05 
1436 14180. 6.23207015E-05 
1437 14185. 6.23137821E-05 
1438 14190. 6.23068699E-05 
1439 14195. 6.22999578E-05 
1440 14200. 6.22930384E-05 
1441 14205. 6.26845649E-05 
1442 14210. 6.44559696E-05 
1443 14215. 6.62269813E-05 
1444 14220. 6.79976001E-05 
1445 14225. 6.97678042E-05 
1446 14230. 7.15376227E-05 
1447 14235. 7.33070265E-05 
1448 14240. 7.50760373E-05 
1449 14245. 7.68446553E-05 
1450 14250. 7.8612873E-05 
1451 14255. 8.03806834E-05 
1452 14260. 8.21481008E-05 
1453 14265. 8.3915118E-05 
1454 14270. 8.56817351E-05 
1455 14275. 8.74479592E-05 
1456 14280. 8.92137687E-05 
1457 14285. 9.09791925E-05 
1458 14290. 9.27442088E-05 
1459 14295. 9.45088323E-05 
1460 14300. 9.62730483E-05 
1461 14305. 9.80368713E-05 
1462 14310. 9.98002943E-05 
1463 14315. 0.000101563317 
1464 14320. 0.000103325932 
1465 14325. 0.000105088162 
1466 14330. 0.000106849991 
1467 14335. 0.000108611413 
1468 14340. 0.000110372428 
1469 14345. 0.000112133064 
1470 14350. 0.000113893293 
1471 14355. 0.000115653114 
1472 14360. 0.00011741255 
1473 14365. 0.000119171571 
1474 14370. 0.000120930206 
1475 14375. 0.000122688434 
1476 14380. 0.000124446262 
1477 14385. 0.000126203697 
1478 14390. 0.000127960724 
1479 14395. 0.000129717359 
1480 14400. 0.000131473585 
1481 14405. 0.00013322942 
1482 14410. 0.000134984861 
1483 14415. 0.000136739895 
1484 14420. 0.000138494535 
1485 14425. 0.000140248754 
1486 14430. 0.000142002595 
1487 14435. 0.000143756028 
1488 14440. 0.000145509068 
1489 14445. 0.000147261715 
1490 14450. 0.00014901394 
1491 14455. 0.000150765802 
1492 14460. 0.000152517227 
1493 14465. 0.000154268258 
1494 14470. 0.000156018912 
1495 14475. 0.000157769144 
1496 14480. 0.000159518997 
1497 14485. 0.000161268443 
1498 14490. 0.000163017481 
1499 14495. 0.000164766112 
1500 14500. 0.000166514365 
1501 14505. 0.000168301587 
1502 14510. 0.000170089232 
1503 14515. 0.000171877298 
1504 14520. 0.000173665801 
1505 14525. 0.000175454727 
1506 14530. 0.000177244074 
1507 14535. 0.000179033843 
1508 14540. 0.000180824049 
1509 14545. 0.000182614705 
1510 14550. 0.000184405755 
1511 14555. 0.000185415702 
1512 14560. 0.000183374214 
1513 14565. 0.000181332245 
1514 14570. 0.000179289782 
1515 14575. 0.000177246795 
1516 14580. 0.000175203328 
1517 14585. 0.000173159351 
1518 14590. 0.00017111488 
1519 14595. 0.000169069899 
1520 14600. 0.000167024438 
1521 14605. 0.000164978468 
1522 14610. 0.000162932018 
1523 14615. 0.000160885043 
1524 14620. 0.000158837574 
1525 14625. 0.000156789611 
1526 14630. 0.000154741167 
1527 14635. 0.000152692213 
1528 14640. 0.000150642751 
1529 14645. 0.000148592793 
1530 14650. 0.000146542356 
1531 14655. 0.000144491409 
1532 14660. 0.000142439938 
1533 14665. 0.000140387987 
1534 14670. 0.000138335556 
1535 14675. 0.000136282601 
1536 14680. 0.000134229151 
1537 14685. 0.000132175221 
1538 14690. 0.000130120781 
1539 14695. 0.000128065847 
1540 14700. 0.000126010404 
1541 14705. 0.000124249826 
1542 14710. 0.000123699821 
1543 14715. 0.000123149672 
1544 14720. 0.000122599376 
1545 14725. 0.000122048965 
1546 14730. 0.000121498408 
1547 14735. 0.00012094772 
1548 14740. 0.000120396886 
1549 14745. 0.000119845921 
1550 14750. 0.000119294833 
1551 14755. 0.000118743592 
1552 14760. 0.000118192227 
1553 14765. 0.000117640717 
1554 14770. 0.000117089076 
1555 14775. 0.000116537303 
1556 14780. 0.000115985393 
1557 14785. 0.000115433344 
1558 14790. 0.00011488115 
1559 14795. 0.000114328839 
1560 14800. 0.000113776383 
1561 14805. 0.000113223774 
1562 14810. 0.000112671041 
1563 14815. 0.000112118185 
1564 14820. 0.000111565183 
1565 14825. 0.000111012036 
1566 14830. 0.000110458772 
1567 14835. 0.000109905355 
1568 14840. 0.000109351815 
1569 14845. 0.000108798122 
1570 14850. 0.000108244312 
1571 14855. 0.00010769035 
1572 14860. 0.000107136264 
1573 14865. 0.00010658204 
1574 14870. 0.000106027677 
1575 14875. 0.000105473184 
1576 14880. 0.000104918545 
1577 14885. 0.000104363789 
1578 14890. 0.000103808867 
1579 14895. 0.000103253835 
1580 14900. 0.000102698657 
1581 14905. 0.000102143342 
1582 14910. 0.000101587895 
1583 14915. 0.000101032318 
1584 14920. 0.000100476595 
1585 14925. 9.99207405E-05 
1586 14930. 9.93647336E-05 
1587 14935. 9.88086103E-05 
1588 14940. 9.82523488E-05 
1589 14945. 9.76959491E-05 
1590 14950. 9.71393965E-05 
1591 14955. 9.65827348E-05 
1592 14960. 9.60259276E-05 
1593 14965. 9.54689822E-05 
1594 14970. 9.49118985E-05 
1595 14975. 9.43546765E-05 
1596 14980. 9.37973309E-05 
1597 14985. 9.32398398E-05 
1598 14990. 9.26822104E-05 
1599 14995. 9.212445E-05 
1600 15000. 9.15665587E-05 
1601 15005. 9.09884038E-05 
1602 15010. 9.04103654E-05 
1603 15015. 8.98324433E-05 
1604 15020. 8.9254645E-05 
1605 15025. 8.86769485E-05 
1606 15030. 8.8099383E-05 
1607 15035. 8.75219193E-05 
1608 15040. 8.69445867E-05 
1609 15045. 8.63673558E-05 
1610 15050. 8.57902414E-05 
1611 15055. 8.52132434E-05 
1612 15060. 8.46363691E-05 
1613 15065. 8.40595967E-05 
1614 15070. 8.3482948E-05 
1615 15075. 8.29064156E-05 
1616 15080. 8.23299997E-05 
1617 15085. 8.17536929E-05 
1618 15090. 8.11775099E-05 
1619 15095. 8.06014359E-05 
1620 15100. 8.00254857E-05 
1621 15105. 7.94496373E-05 
1622 15110. 7.88739126E-05 
1623 15115. 7.82983043E-05 
1624 15120. 7.77228124E-05 
1625 15125. 7.71474297E-05 
1626 15130. 7.65721707E-05 
1627 15135. 7.5997028E-05 
1628 15140. 7.54219946E-05 
1629 15145. 7.48470775E-05 
1630 15150. 7.42722768E-05 
1631 15155. 7.36975999E-05 
1632 15160. 7.31230248E-05 
1633 15165. 7.25485734E-05 
1634 15170. 7.19742384E-05 
1635 15175. 7.14000198E-05 
1636 15180. 7.08259104E-05 
1637 15185. 7.02519174E-05 
1638 15190. 6.9678048E-05 
1639 15195. 6.91042951E-05 
1640 15200. 6.85306441E-05 
1641 15205. 6.7957124E-05 
1642 15210. 6.73837058E-05 
1643 15215. 6.68104112E-05 
1644 15220. 6.62372258E-05 
1645 15225. 6.56641714E-05 
1646 15230. 6.50912116E-05 
1647 15235. 6.45183827E-05 
1648 15240. 6.39456557E-05 
1649 15245. 6.33730597E-05 
1650 15250. 6.28005728E-05 
1651 15255. 6.23219457E-05 
1652 15260. 6.23143424E-05 
1653 15265. 6.23067317E-05 
1654 15270. 6.22991138E-05 
1655 15275. 6.22915031E-05 
1656 15280. 6.22838925E-05 
1657 15285. 6.22762818E-05 
1658 15290. 6.22686712E-05 
1659 15295. 6.22610605E-05 
1660 15300. 6.22534499E-05 
1661 15305. 6.22458392E-05 
1662 15310. 6.22382358E-05 
1663 15315. 6.22306179E-05 
1664 15320. 6.22230145E-05 
1665 15325. 6.22154039E-05 
1666 15330. 6.22078005E-05 
1667 15335. 6.22001826E-05 
1668 15340. 6.21925792E-05 
1669 15345. 6.21849686E-05 
1670 15350. 6.21773579E-05 
1671 15355. 6.21699655E-05 
1672 15360. 6.21636864E-05 
1673 15365. 6.21573927E-05 
1674 15370. 6.21511062E-05 
1675 15375. 6.21448271E-05 
1676 15380. 6.21385407E-05 
1677 15385. 6.21322542E-05 
1678 15390. 6.21259605E-05 
1679 15395. 6.21196814E-05 
1680 15400. 6.2113395E-05 
1681 15405. 6.21071085E-05 
1682 15410. 6.21008221E-05 
1683 15415. 6.20945357E-05 
1684 15420. 6.20882493E-05 
1685 15425. 6.20819628E-05 
1686 15430. 6.20756837E-05 
1687 15435. 6.206939E-05 
1688 15440. 6.20631035E-05 
1689 15445. 6.20568244E-05 
1690 15450. 6.2050538E-05 
1691 15455. 6.20442443E-05 
1692 15460. 6.20379651E-05 
1693 15465. 6.20316787E-05 
1694 15470. 6.2025385E-05 
1695 15475. 6.20191058E-05 
1696 15480. 6.20128194E-05 
1697 15485. 6.2006533E-05 
1698 15490. 6.20002465E-05 
1699 15495. 6.19939601E-05 
1700 15500. 6.19876737E-05 
1701 15505. 6.19897037E-05 
1702 15510. 6.19917409E-05 
1703 15515. 6.19937782E-05 
1704 15520. 6.19958155E-05 
1705 15525. 6.19978528E-05 
1706 15530. 6.19998827E-05 
1707 15535. 6.200192E-05 
1708 15540. 6.20039646E-05 
1709 15545. 6.20059946E-05 
1710 15550. 6.20080245E-05 
1711 15555. 6.20100618E-05 
1712 15560. 6.20120991E-05 
1713 15565. 6.20141291E-05 
1714 15570. 6.20161736E-05 
1715 15575. 6.20182109E-05 
1716 15580. 6.20202409E-05 
1717 15585. 6.20222854E-05 
1718 15590. 6.20243154E-05 
1719 15595. 6.20263454E-05 
1720 15600. 6.20283899E-05 
1721 15605. 6.20304199E-05 
1722 15610. 6.20324572E-05 
1723 15615. 6.20344945E-05 
1724 15620. 6.20365245E-05 
1725 15625. 6.2038569E-05 
1726 15630. 6.2040599E-05 
1727 15635. 6.20426363E-05 
1728 15640. 6.20446663E-05 
1729 15645. 6.20467035E-05 
1730 15650. 6.20487481E-05 
1731 15655. 6.20507781E-05 
1732 15660. 6.20528153E-05 
1733 15665. 6.20548526E-05 
1734 15670. 6.20568826E-05 
1735 15675. 6.20589199E-05 
1736 15680. 6.20609571E-05 
1737 15685. 6.20629944E-05 
1738 15690. 6.20650317E-05 
1739 15695. 6.20670617E-05 
1740 15700. 6.20691062E-05 
1741 15705. 6.20711362E-05 
1742 15710. 6.20731735E-05 
1743 15715. 6.20752107E-05 
1744 15720. 6.20772407E-05 
1745 15725. 6.2079278E-05 
1746 15730. 6.20813153E-05 
1747 15735. 6.20833525E-05 
1748 15740. 6.20853898E-05 
1749 15745. 6.20874271E-05 
1750 15750. 6.20894571E-05 
1751 15755. 6.20914361E-05 
1752 15760. 6.2093015E-05 
1753 15765. 6.20946084E-05 
1754 15770. 6.20961873E-05 
1755 15775. 6.20977735E-05 
1756 15780. 6.20993596E-05 
1757 15785. 6.21009458E-05 
1758 15790. 6.2102532E-05 
1759 15795. 6.21041181E-05 
1760 15800. 6.21057043E-05 
1761 15805. 6.21072904E-05 
1762 15810. 6.21088766E-05 
1763 15815. 6.21104555E-05 
1764 15820. 6.21120416E-05 
1765 15825. 6.21136205E-05 
1766 15830. 6.2115214E-05 
1767 15835. 6.21168001E-05 
1768 15840. 6.21183863E-05 
1769 15845. 6.21199724E-05 
1770 15850. 6.21215513E-05 
1771 15855. 6.21231447E-05 
1772 15860. 6.21247236E-05 
1773 15865. 6.21263098E-05 
1774 15870. 6.21278959E-05 
1775 15875. 6.21294821E-05 
1776 15880. 6.21310683E-05 
1777 15885. 6.21326471E-05 
1778 15890. 6.21342333E-05 
1779 15895. 6.21358195E-05 
1780 15900. 6.21374056E-05 
1781 15905. 6.21389918E-05 
1782 15910. 6.21405707E-05 
1783 15915. 6.21421568E-05 
1784 15920. 6.2143743E-05 
1785 15925. 6.21453291E-05 
1786 15930. 6.21469153E-05 
1787 15935. 6.21485015E-05 
1788 15940. 6.21500876E-05 
1789 15945. 6.21516665E-05 
1790 15950. 6.21532527E-05 
1791 15955. 6.21548388E-05 
1792 15960. 6.2156425E-05 
1793 15965. 6.21580111E-05 
1794 15970. 6.21595973E-05 
1795 15975. 6.21611762E-05 
1796 15980. 6.21627551E-05 
1797 15985. 6.21643412E-05 
1798 15990. 6.21659274E-05 
1799 15995. 6.21675135E-05 
1800 16000. 6.21690997E-05 
1801 16005. 6.21746585E-05 
1802 16010. 6.21813597E-05 
1803 16015. 6.21880608E-05 
1804 16020. 6.2194762E-05 
1805 16025. 6.22014632E-05 
1806 16030. 6.22081643E-05 
1807 16035. 6.22148655E-05 
1808 16040. 6.22215739E-05 
1809 16045. 6.22282678E-05 
1810 16050. 6.22349762E-05 
1811 16055. 6.22416774E-05 
1812 16060. 6.22483785E-05 
1813 16065. 6.22550797E-05 
1814 16070. 6.22617881E-05 
1815 16075. 6.22684893E-05 
1816 16080. 6.22751904E-05 
1817 16085. 6.22818989E-05 
1818 16090. 6.22886E-05 
1819 16095. 6.22953012E-05 
1820 16100. 6.23020096E-05 
1821 16105. 6.23086016E-05 
1822 16110. 6.23143715E-05 
1823 16115. 6.23201413E-05 
1824 16120. 6.23259111E-05 
1825 16125. 6.23316882E-05 
1826 16130. 6.23374508E-05 
1827 16135. 6.23432206E-05 
1828 16140. 6.23489905E-05 
1829 16145. 6.23547603E-05 
1830 16150. 6.23605301E-05 
1831 16155. 6.23663E-05 
1832 16160. 6.23720698E-05 
1833 16165. 6.23778396E-05 
1834 16170. 6.23836095E-05 
1835 16175. 6.23893793E-05 
1836 16180. 6.23951491E-05 
1837 16185. 6.2400919E-05 
1838 16190. 6.24066888E-05 
1839 16195. 6.24124586E-05 
1840 16200. 6.24182212E-05 
1841 16205. 6.24201493E-05 
1842 16210. 6.24220702E-05 
1843 16215. 6.24239983E-05 
1844 16220. 6.24259192E-05 
1845 16225. 6.24278473E-05 
1846 16230. 6.24297681E-05 
1847 16235. 6.2431689E-05 
1848 16240. 6.24336099E-05 
1849 16245. 6.2435538E-05 
1850 16250. 6.24374588E-05 
1851 16255. 6.2439387E-05 
1852 16260. 6.24413078E-05 
1853 16265. 6.24432287E-05 
1854 16270. 6.24451495E-05 
1855 16275. 6.24470704E-05 
1856 16280. 6.24489985E-05 
1857 16285. 6.24509194E-05 
1858 16290. 6.24528475E-05 
1859 16295. 6.24547683E-05 
1860 16300. 6.24566965E-05 
1861 16305. 6.24586173E-05 
1862 16310. 6.24605382E-05 
1863 16315. 6.24624663E-05 
1864 16320. 6.24643872E-05 
1865 16325. 6.24663153E-05 
1866 16330. 6.24682361E-05 
1867 16335. 6.2470157E-05 
1868 16340. 6.24720778E-05 
1869 16345. 6.2474006E-05 
1870 16350. 6.24759268E-05 
1871 16355. 6.2477855E-05 
1872 16360. 6.24797758E-05 
1873 16365. 6.24816967E-05 
1874 16370. 6.24836248E-05 
1875 16375. 6.24855384E-05 
1876 16380. 6.24874665E-05 
1877 16385. 6.24893873E-05 
1878 16390. 6.24913155E-05 
1879 16395. 6.24932363E-05 
1880 16400. 6.24951645E-05 
1881 16405. 6.25077519E-05 
1882 16410. 6.25203393E-05 
1883 16415. 6.25329267E-05 
1884 16420. 6.25455141E-05 
1885 16425. 6.25581088E-05 
1886 16430. 6.25706962E-05 
1887 16435. 6.25832763E-05 
1888 16440. 6.2595871E-05 
1889 16445. 6.26084584E-05 
1890 16450. 6.26210458E-05 
1891 16455. 6.26336332E-05 
1892 16460. 6.26462279E-05 
1893 16465. 6.26588153E-05 
1894 16470. 6.26714027E-05 
1895 16475. 6.26839901E-05 
1896 16480. 6.26965775E-05 
1897 16485. 6.27091722E-05 
1898 16490. 6.27217523E-05 
1899 16495. 6.27343397E-05 
1900 16500. 6.27469344E-05 
1901 16505. 6.27595218E-05 
1902 16510. 6.27721092E-05 
1903 16515. 6.27846966E-05 
1904 16520. 6.2797284E-05 
1905 16525. 6.28098787E-05 
1906 16530. 6.28224661E-05 
1907 16535. 6.28350463E-05 
1908 16540. 6.28476409E-05 
1909 16545. 6.28602284E-05 
1910 16550. 6.28728158E-05 
1911 16555. 6.28854032E-05 
1912 16560. 6.28979979E-05 
1913 16565. 6.29105853E-05 
1914 16570. 6.29231727E-05 
1915 16575. 6.29357601E-05 
1916 16580. 6.29483475E-05 
1917 16585. 6.29609349E-05 
1918 16590. 6.29735223E-05 
1919 16595. 6.29861097E-05 
1920 16600. 6.29987044E-05 
1921 16605. 6.29448477E-05 
1922 16610. 6.28909984E-05 
1923 16615. 6.28371417E-05 
1924 16620. 6.27832924E-05 
1925 16625. 6.2729443E-05 
1926 16630. 6.26755937E-05 
1927 16635. 6.26217443E-05 
1928 16640. 6.25678949E-05 
1929 16645. 6.25140456E-05 
1930 16650. 6.24601962E-05 
1931 16655. 6.24063396E-05 
1932 16660. 6.23524902E-05 
1933 16665. 6.22986336E-05 
1934 16670. 6.22447842E-05 
1935 16675. 6.21909348E-05 
1936 16680. 6.21370855E-05 
1937 16685. 6.20832361E-05 
1938 16690. 6.20293868E-05 
1939 16695. 6.19755374E-05 
1940 16700. 6.1921688E-05 
1941 16705. 6.18678314E-05 
1942 16710. 6.1813982E-05 
1943 16715. 6.17601254E-05 
1944 16720. 6.1706276E-05 
1945 16725. 6.16524194E-05 
1946 16730. 6.159857E-05 
1947 16735. 6.15447279E-05 
1948 16740. 6.14908786E-05 
1949 16745. 6.14370219E-05 
1950 16750. 6.13831726E-05 
1951 16755. 6.13293232E-05 
1952 16760. 6.12754739E-05 
1953 16765. 6.12216172E-05 
1954 16770. 6.11677679E-05 
1955 16775. 6.11139112E-05 
1956 16780. 6.10600619E-05 
1957 16785. 6.10062198E-05 
1958 16790. 6.09523631E-05 
1959 16795. 6.08985138E-05 
1960 16800. 6.08446644E-05 
1961 16805. 6.07832917E-05 
1962 16810. 6.07219226E-05 
1963 16815. 6.06605572E-05 
1964 16820. 6.05991881E-05 
1965 16825. 6.05378154E-05 
1966 16830. 6.04764464E-05 
1967 16835. 6.04150773E-05 
1968 16840. 6.03537046E-05 
1969 16845. 6.02923428E-05 
1970 16850. 6.02309701E-05 
1971 16855. 6.01696011E-05 
1972 16860. 6.01082284E-05 
1973 16865. 6.00468593E-05 
1974 16870. 5.99854939E-05 
1975 16875. 5.99241248E-05 
1976 16880. 5.98627557E-05 
1977 16885. 5.98013903E-05 
1978 16890. 5.9740014E-05 
1979 16895. 5.96786485E-05 
1980 16900. 5.96172795E-05 
1981 16905. 5.95559068E-05 
1982 16910. 5.9494545E-05 
1983 16915. 5.94331686E-05 
1984 16920. 5.93718032E-05 
1985 16925. 5.93104342E-05 
1986 16930. 5.92490615E-05 
1987 16935. 5.91876924E-05 
1988 16940. 5.91263197E-05 
1989 16945. 5.90649579E-05 
1990 16950. 5.90035852E-05 
1991 16955. 5.89422161E-05 
1992 16960. 5.88808289E-05 
1993 16965. 5.88194525E-05 
1994 16970. 5.87580653E-05 
1995 16975. 5.86966817E-05 
1996 16980. 5.86353017E-05 
1997 16985. 5.85739108E-05 
1998 16990. 5.85125308E-05 
1999 16995. 5.84511472E-05 
2000 17000. 5.83897672E-05 
2001 17005. 5.83079236E-05 
2002 17010. 5.822608E-05 
2003 17015. 5.81442509E-05 
2004 17020. 5.80624073E-05 
2005 17025. 5.79805637E-05 
2006 17030. 5.78987238E-05 
2007 17035. 5.78168874E-05 
2008 17040. 5.77350474E-05 
2009 17045. 5.76532111E-05 
2010 17050. 5.75713711E-05 
2011 17055. 5.74895312E-05 
2012 17060. 5.74076912E-05 
2013 17065. 5.73258549E-05 
2014 17070. 5.72440113E-05 
2015 17075. 5.71621749E-05 
2016 17080. 5.70803386E-05 
2017 17085. 5.69984986E-05 
2018 17090. 5.69166587E-05 
2019 17095. 5.6834815E-05 
2020 17100. 5.67529823E-05 
2021 17105. 5.66711424E-05 
2022 17110. 5.65893024E-05 
2023 17115. 5.65074624E-05 
2024 17120. 5.64256261E-05 
2025 17125. 5.63437825E-05 
2026 17130. 5.62619462E-05 
2027 17135. 5.61801098E-05 
2028 17140. 5.60982699E-05 
2029 17145. 5.60164299E-05 
2030 17150. 5.59345935E-05 
2031 17155. 5.58527536E-05 
2032 17160. 5.57709172E-05 
2033 17165. 5.56890773E-05 
2034 17170. 5.56072373E-05 
2035 17175. 5.55253973E-05 
2036 17180. 5.5443561E-05 
2037 17185. 5.5361721E-05 
2038 17190. 5.52798847E-05 
2039 17195. 5.51980484E-05 
2040 17200. 5.51162047E-05 
2041 17205. 5.48140742E-05 
2042 17210. 5.45119365E-05 
2043 17215. 5.42097987E-05 
2044 17220. 5.39076682E-05 
2045 17225. 5.36055377E-05 
2046 17230. 5.33033999E-05 
2047 17235. 5.30012694E-05 
2048 17240. 5.26991353E-05 
2049 17245. 5.23969975E-05 
2050 17250. 5.2094867E-05 
2051 17255. 5.17927365E-05 
2052 17260. 5.14905987E-05 
2053 17265. 5.11884682E-05 
2054 17270. 5.08863341E-05 
2055 17275. 5.05841963E-05 
2056 17280. 5.02820731E-05 
2057 17285. 4.9979928E-05 
2058 17290. 4.96778011E-05 
2059 17295. 4.93756706E-05 
2060 17300. 4.90735401E-05 
2061 17305. 4.87714024E-05 
2062 17310. 4.84692719E-05 
2063 17315. 4.81671414E-05 
2064 17320. 4.78650072E-05 
2065 17325. 4.75628804E-05 
2066 17330. 4.72607462E-05 
2067 17335. 4.69586194E-05 
2068 17340. 4.66564852E-05 
2069 17345. 4.63543511E-05 
2070 17350. 4.60522242E-05 
2071 17355. 4.57500937E-05 
2072 17360. 4.54479596E-05 
2073 17365. 4.51458327E-05 
2074 17370. 4.48437022E-05 
2075 17375. 4.45415681E-05 
2076 17380. 4.42394412E-05 
2077 17385. 4.39373107E-05 
2078 17390. 4.36351838E-05 
2079 17395. 4.33330533E-05 
2080 17400. 4.30309228E-05 
2081 17405. 4.24272002E-05 
2082 17410. 4.18234777E-05 
2083 17415. 4.12197587E-05 
2084 17420. 4.06160361E-05 
2085 17425. 4.00123135E-05 
2086 17430. 3.9408591E-05 
2087 17435. 3.88048684E-05 
2088 17440. 3.82011494E-05 
2089 17445. 3.75974269E-05 
2090 17450. 3.69937079E-05 
2091 17455. 3.63899853E-05 
2092 17460. 3.57862664E-05 
2093 17465. 3.51825474E-05 
2094 17470. 3.45788249E-05 
2095 17475. 3.39751059E-05 
2096 17480. 3.33713906E-05 
2097 17485. 3.27676717E-05 
2098 17490. 3.21639527E-05 
2099 17495. 3.15602374E-05 
2100 17500. 3.09565148E-05 
2101 17505. 3.03528013E-05 
2102 17510. 2.9749086E-05 
2103 17515. 2.91453689E-05 
2104 17520. 2.85416518E-05 
2105 17525. 2.79379383E-05 
2106 17530. 2.73342193E-05 
2107 17535. 2.67305022E-05 
2108 17540. 2.61267887E-05 
2109 17545. 2.55230716E-05 
2110 17550. 2.49193617E-05 
2111 17555. 2.43156446E-05 
2112 17560. 2.3711933E-05 
2113 17565. 2.31082195E-05 
2114 17570. 2.25045023E-05 
2115 17575. 2.19007925E-05 
2116 17580. 2.12970772E-05 
2117 17585. 2.06933673E-05 
2118 17590. 2.00896538E-05 
2119 17595. 1.94859422E-05 
2120 17600. 1.88822305E-05 
2121 17605. 1.85327299E-05 
2122 17610. 1.81832311E-05 
2123 17615. 1.78337286E-05 
2124 17620. 1.74842298E-05 
2125 17625. 1.71347292E-05 
2126 17630. 1.67852286E-05 
2127 17635. 1.64357298E-05 
2128 17640. 1.6086231E-05 
2129 17645. 1.57367322E-05 
2130 17650. 1.53872315E-05 
2131 17655. 1.50377336E-05 
2132 17660. 1.46882348E-05 
2133 17665. 1.4338736E-05 
2134 17670. 1.39892372E-05 
2135 17675. 1.36397402E-05 
2136 17680. 1.32902414E-05 
2137 17685. 1.29407435E-05 
2138 17690. 1.25912447E-05 
2139 17695. 1.22417478E-05 
2140 17700. 1.18922508E-05 
2141 17705. 1.15427538E-05 
2142 17710. 1.11932559E-05 
2143 17715. 1.08437598E-05 
2144 17720. 1.04942628E-05 
2145 17725. 1.01447658E-05 
2146 17730. 9.79526976E-06 
2147 17735. 9.44577369E-06 
2148 17740. 9.09627761E-06 
2149 17745. 8.74678244E-06 
2150 17750. 8.39728636E-06 
2151 17755. 8.0477912E-06 
2152 17760. 7.69829512E-06 
2153 17765. 7.34879995E-06 
2154 17770. 6.99930433E-06 
2155 17775. 6.64981008E-06 
2156 17780. 6.30031582E-06 
2157 17785. 5.95082111E-06 
2158 17790. 5.60132639E-06 
2159 17795. 5.25183259E-06 
2160 17800. 4.90233879E-06 
2161 17805. 4.81107463E-06 
2162 17810. 4.71980957E-06 
2163 17815. 4.62854541E-06 
2164 17820. 4.53728126E-06 
2165 17825. 4.4460171E-06 
2166 17830. 4.35475295E-06 
2167 17835. 4.26348879E-06 
2168 17840. 4.17222464E-06 
2169 17845. 4.08096093E-06 
2170 17850. 3.98969678E-06 
2171 17855. 3.89843262E-06 
2172 17860. 3.80716915E-06 
2173 17865. 3.71590522E-06 
2174 17870. 3.62464107E-06 
2175 17875. 3.53337737E-06 
2176 17880. 3.44211344E-06 
2177 17885. 3.35084997E-06 
2178 17890. 3.25958626E-06 
2179 17895. 3.16832279E-06 
2180 17900. 3.07705932E-06 
2181 17905. 2.98579562E-06 
2182 17910. 2.89453214E-06 
2183 17915. 2.8032689E-06 
2184 17920. 2.71200565E-06 
2185 17925. 2.62074195E-06 
2186 17930. 2.52947871E-06 
2187 17935. 2.43821569E-06 
2188 17940. 2.34695244E-06 
2189 17945. 2.25568942E-06 
2190 17950. 2.16442618E-06 
2191 17955. 2.07316316E-06 
2192 17960. 1.98190014E-06 
2193 17965. 1.89063724E-06 
2194 17970. 1.7993741E-06 
2195 17975. 1.70811143E-06 
2196 17980. 1.61684852E-06 
2197 17985. 1.52558573E-06 
2198 17990. 1.43432294E-06 
2199 17995. 1.34306026E-06 
2200 18000. 1.25179758E-06 
2201 18005. 0. 
2202 18010. 0. 
