1 3274.00 0.000000 
2 3276.00 0.000028 
3 3278.00 0.000111 
4 3280.00 0.000199 
5 3282.00 0.000292 
6 3284.00 0.000386 
7 3286.00 0.000484 
8 3288.00 0.000586 
9 3290.00 0.000694 
10 3292.00 0.000805 
11 3294.00 0.000915 
12 3296.00 0.001033 
13 3298.00 0.001150 
14 3300.00 0.001281 
15 3302.00 0.001404 
16 3304.00 0.001554 
17 3306.00 0.001695 
18 3308.00 0.001847 
19 3310.00 0.001977 
20 3312.00 0.002143 
21 3314.00 0.002303 
22 3316.00 0.002474 
23 3318.00 0.002640 
24 3320.00 0.002800 
25 3322.00 0.003018 
26 3324.00 0.003168 
27 3326.00 0.003351 
28 3328.00 0.003579 
29 3330.00 0.003785 
30 3332.00 0.003969 
31 3334.00 0.004163 
32 3336.00 0.004432 
33 3338.00 0.004640 
34 3340.00 0.004876 
35 3342.00 0.005120 
36 3344.00 0.005318 
37 3346.00 0.005599 
38 3348.00 0.005849 
39 3350.00 0.006175 
40 3352.00 0.006366 
41 3354.00 0.006666 
42 3356.00 0.006992 
43 3358.00 0.007282 
44 3360.00 0.007609 
45 3362.00 0.007917 
46 3364.00 0.008216 
47 3366.00 0.008634 
48 3368.00 0.008914 
49 3370.00 0.009274 
50 3372.00 0.009558 
51 3374.00 0.009955 
52 3376.00 0.010304 
53 3378.00 0.010817 
54 3380.00 0.011111 
55 3382.00 0.011426 
56 3384.00 0.011902 
57 3386.00 0.012365 
58 3388.00 0.012875 
59 3390.00 0.013280 
60 3392.00 0.013684 
61 3394.00 0.014201 
62 3396.00 0.014647 
63 3398.00 0.015183 
64 3400.00 0.015685 
65 3402.00 0.016228 
66 3404.00 0.016738 
67 3406.00 0.017313 
68 3408.00 0.017848 
69 3410.00 0.018365 
70 3412.00 0.018848 
71 3414.00 0.019572 
72 3416.00 0.020118 
73 3418.00 0.020679 
74 3420.00 0.021281 
75 3422.00 0.022035 
76 3424.00 0.022521 
77 3426.00 0.023161 
78 3428.00 0.023902 
79 3430.00 0.024502 
80 3432.00 0.025225 
81 3434.00 0.025906 
82 3436.00 0.026580 
83 3438.00 0.027474 
84 3440.00 0.028022 
85 3442.00 0.028688 
86 3444.00 0.029398 
87 3446.00 0.030238 
88 3448.00 0.031149 
89 3450.00 0.032020 
90 3452.00 0.033010 
91 3454.00 0.033634 
92 3456.00 0.034274 
93 3458.00 0.035272 
94 3460.00 0.036079 
95 3462.00 0.036905 
96 3464.00 0.037849 
97 3466.00 0.038727 
98 3468.00 0.039356 
99 3470.00 0.040232 
100 3472.00 0.041464 
101 3474.00 0.042335 
102 3476.00 0.042929 
103 3478.00 0.043696 
104 3480.00 0.044616 
105 3482.00 0.045716 
106 3484.00 0.046636 
107 3486.00 0.047670 
108 3488.00 0.048487 
109 3490.00 0.049760 
110 3492.00 0.050600 
111 3494.00 0.051490 
112 3496.00 0.052013 
113 3498.00 0.053338 
114 3500.00 0.054484 
115 3502.00 0.054824 
116 3504.00 0.055695 
117 3506.00 0.057068 
118 3508.00 0.057885 
119 3510.00 0.059149 
120 3512.00 0.059693 
121 3514.00 0.060912 
122 3516.00 0.061606 
123 3518.00 0.062860 
124 3520.00 0.064180 
125 3522.00 0.064241 
126 3524.00 0.065336 
127 3526.00 0.066763 
128 3528.00 0.067450 
129 3530.00 0.068130 
130 3532.00 0.068866 
131 3534.00 0.069842 
132 3536.00 0.071020 
133 3538.00 0.072017 
134 3540.00 0.073155 
135 3542.00 0.073848 
136 3544.00 0.075190 
137 3546.00 0.075292 
138 3548.00 0.076664 
139 3550.00 0.077545 
140 3552.00 0.078263 
141 3554.00 0.079593 
142 3556.00 0.080170 
143 3558.00 0.080995 
144 3560.00 0.081575 
145 3562.00 0.082505 
146 3564.00 0.084083 
147 3566.00 0.084451 
148 3568.00 0.085394 
149 3570.00 0.086191 
150 3572.00 0.087546 
151 3574.00 0.087855 
152 3576.00 0.088308 
153 3578.00 0.089500 
154 3580.00 0.090627 
155 3582.00 0.090667 
156 3584.00 0.092090 
157 3586.00 0.092851 
158 3588.00 0.093253 
159 3590.00 0.093933 
160 3592.00 0.094719 
161 3594.00 0.095770 
162 3596.00 0.096543 
163 3598.00 0.096934 
164 3600.00 0.098176 
165 3602.00 0.098950 
166 3604.00 0.099802 
167 3606.00 0.100605 
168 3608.00 0.101052 
169 3610.00 0.102192 
170 3612.00 0.103015 
171 3614.00 0.103633 
172 3616.00 0.104186 
173 3618.00 0.104938 
174 3620.00 0.105827 
175 3622.00 0.106614 
176 3624.00 0.107690 
177 3626.00 0.107534 
178 3628.00 0.109198 
179 3630.00 0.110216 
180 3632.00 0.111173 
181 3634.00 0.111508 
182 3636.00 0.111971 
183 3638.00 0.112807 
184 3640.00 0.113707 
185 3642.00 0.114544 
186 3644.00 0.114675 
187 3646.00 0.116430 
188 3648.00 0.116580 
189 3650.00 0.117708 
190 3652.00 0.118815 
191 3654.00 0.120023 
192 3656.00 0.119691 
193 3658.00 0.120923 
194 3660.00 0.122227 
195 3662.00 0.122161 
196 3664.00 0.123101 
197 3666.00 0.125055 
198 3668.00 0.124870 
199 3670.00 0.125712 
200 3672.00 0.126025 
201 3674.00 0.127727 
202 3676.00 0.127925 
203 3678.00 0.129480 
204 3680.00 0.129854 
205 3682.00 0.130740 
206 3684.00 0.131912 
207 3686.00 0.132733 
208 3688.00 0.132772 
209 3690.00 0.134975 
210 3692.00 0.134160 
211 3694.00 0.135197 
212 3696.00 0.136147 
213 3698.00 0.137660 
214 3700.00 0.138047 
215 3702.00 0.137606 
216 3704.00 0.139207 
217 3706.00 0.139371 
218 3708.00 0.140504 
219 3710.00 0.141473 
220 3712.00 0.142018 
221 3714.00 0.142149 
222 3716.00 0.143758 
223 3718.00 0.143144 
224 3720.00 0.143226 
225 3722.00 0.144205 
226 3724.00 0.144554 
227 3726.00 0.146159 
228 3728.00 0.146286 
229 3730.00 0.146247 
230 3732.00 0.147248 
231 3734.00 0.147816 
232 3736.00 0.147827 
233 3738.00 0.147449 
234 3740.00 0.150144 
235 3742.00 0.149410 
236 3744.00 0.150148 
237 3746.00 0.150355 
238 3748.00 0.150125 
239 3750.00 0.151273 
240 3752.00 0.151332 
241 3754.00 0.152103 
242 3756.00 0.151958 
243 3758.00 0.151465 
244 3760.00 0.152909 
245 3762.00 0.152880 
246 3764.00 0.153710 
247 3766.00 0.153451 
248 3768.00 0.151724 
249 3770.00 0.153840 
250 3772.00 0.153849 
251 3774.00 0.153610 
252 3776.00 0.153860 
253 3778.00 0.153775 
254 3780.00 0.155680 
255 3782.00 0.154081 
256 3784.00 0.153700 
257 3786.00 0.154822 
258 3788.00 0.152229 
259 3790.00 0.153157 
260 3792.00 0.154129 
261 3794.00 0.154170 
262 3796.00 0.153452 
263 3798.00 0.153634 
264 3800.00 0.152960 
265 3802.00 0.152479 
266 3804.00 0.152773 
267 3806.00 0.152364 
268 3808.00 0.151384 
269 3810.00 0.150833 
270 3812.00 0.150999 
271 3814.00 0.150686 
272 3816.00 0.150672 
273 3818.00 0.149389 
274 3820.00 0.149952 
275 3822.00 0.148714 
276 3824.00 0.148134 
277 3826.00 0.147301 
278 3828.00 0.147109 
279 3830.00 0.146276 
280 3832.00 0.146188 
281 3834.00 0.144207 
282 3836.00 0.144294 
283 3838.00 0.144425 
284 3840.00 0.142372 
285 3842.00 0.141418 
286 3844.00 0.141272 
287 3846.00 0.139820 
288 3848.00 0.139757 
289 3850.00 0.138405 
290 3852.00 0.138023 
291 3854.00 0.136898 
292 3856.00 0.135608 
293 3858.00 0.135987 
294 3860.00 0.134293 
295 3862.00 0.132710 
296 3864.00 0.131422 
297 3866.00 0.130843 
298 3868.00 0.129402 
299 3870.00 0.128441 
300 3872.00 0.126454 
301 3874.00 0.126070 
302 3876.00 0.123846 
303 3878.00 0.122734 
304 3880.00 0.121269 
305 3882.00 0.120321 
306 3884.00 0.118859 
307 3886.00 0.116987 
308 3888.00 0.116833 
309 3890.00 0.115151 
310 3892.00 0.113778 
311 3894.00 0.112368 
312 3896.00 0.110730 
313 3898.00 0.109459 
314 3900.00 0.107745 
315 3902.00 0.105340 
316 3904.00 0.104634 
317 3906.00 0.102775 
318 3908.00 0.101151 
319 3910.00 0.099899 
320 3912.00 0.098611 
321 3914.00 0.096625 
322 3916.00 0.095123 
323 3918.00 0.093612 
324 3920.00 0.092286 
325 3922.00 0.090004 
326 3924.00 0.088993 
327 3926.00 0.087415 
328 3928.00 0.085688 
329 3930.00 0.084288 
330 3932.00 0.082288 
331 3934.00 0.081180 
332 3936.00 0.079414 
333 3938.00 0.077610 
334 3940.00 0.075939 
335 3942.00 0.074486 
336 3944.00 0.072397 
337 3946.00 0.070812 
338 3948.00 0.069592 
339 3950.00 0.068049 
340 3952.00 0.066066 
341 3954.00 0.064910 
342 3956.00 0.063401 
343 3958.00 0.062087 
344 3960.00 0.060417 
345 3962.00 0.058973 
346 3964.00 0.056908 
347 3966.00 0.055858 
348 3968.00 0.054187 
349 3970.00 0.052654 
350 3972.00 0.051086 
351 3974.00 0.049775 
352 3976.00 0.048695 
353 3978.00 0.046899 
354 3980.00 0.045777 
355 3982.00 0.044412 
356 3984.00 0.043042 
357 3986.00 0.041904 
358 3988.00 0.040581 
359 3990.00 0.039403 
360 3992.00 0.037799 
361 3994.00 0.036910 
362 3996.00 0.035566 
363 3998.00 0.034367 
364 4000.00 0.032920 
365 4002.00 0.032044 
366 4004.00 0.030890 
367 4006.00 0.030097 
368 4008.00 0.028874 
369 4010.00 0.027799 
370 4012.00 0.026474 
371 4014.00 0.025850 
372 4016.00 0.025130 
373 4018.00 0.024039 
374 4020.00 0.023190 
375 4022.00 0.022059 
376 4024.00 0.021296 
377 4026.00 0.020343 
378 4028.00 0.019604 
379 4030.00 0.019018 
380 4032.00 0.018305 
381 4034.00 0.017433 
382 4036.00 0.016870 
383 4038.00 0.016117 
384 4040.00 0.015299 
385 4042.00 0.014635 
386 4044.00 0.013968 
387 4046.00 0.013457 
388 4048.00 0.012849 
389 4050.00 0.012301 
390 4052.00 0.011689 
391 4054.00 0.011296 
392 4056.00 0.010775 
393 4058.00 0.010252 
394 4060.00 0.009759 
395 4062.00 0.009039 
396 4064.00 0.008799 
397 4066.00 0.008429 
398 4068.00 0.007993 
399 4070.00 0.007652 
400 4072.00 0.007213 
401 4074.00 0.006838 
402 4076.00 0.006623 
403 4078.00 0.006179 
404 4080.00 0.005897 
405 4082.00 0.005549 
406 4084.00 0.005330 
407 4086.00 0.004979 
408 4088.00 0.004726 
409 4090.00 0.004537 
410 4092.00 0.004348 
411 4094.00 0.004091 
412 4096.00 0.003834 
413 4098.00 0.003643 
414 4100.00 0.003384 
415 4102.00 0.003290 
416 4104.00 0.002996 
417 4106.00 0.002902 
418 4108.00 0.002740 
419 4110.00 0.002611 
420 4112.00 0.002448 
421 4114.00 0.002318 
422 4116.00 0.002154 
423 4118.00 0.002023 
424 4120.00 0.001959 
425 4122.00 0.001827 
426 4124.00 0.001728 
427 4126.00 0.001596 
428 4128.00 0.001530 
429 4130.00 0.001431 
430 4132.00 0.001331 
431 4134.00 0.001299 
432 4136.00 0.001199 
433 4138.00 0.001132 
434 4140.00 0.001031 
435 4142.00 0.000999 
436 4144.00 0.000931 
437 4146.00 0.000898 
438 4148.00 0.000831 
439 4150.00 0.000763 
440 4152.00 0.000729 
441 4154.00 0.000661 
442 4156.00 0.000662 
443 4158.00 0.000594 
444 4160.00 0.000560 
445 4162.00 0.000526 
446 4164.00 0.000491 
447 4166.00 0.000422 
448 4168.00 0.000423 
449 4170.00 0.000388 
450 4172.00 0.000389 
451 4174.00 0.000354 
452 4176.00 0.000319 
453 4178.00 0.000320 
454 4180.00 0.000285 
455 4182.00 0.000285 
456 4184.00 0.000250 
457 4186.00 0.000250 
458 4188.00 0.000251 
459 4190.00 0.000179 
460 4192.00 0.000180 
461 4194.00 0.000216 
462 4196.00 0.000180 
463 4198.00 0.000181 
464 4200.00 0.000181 
465 4202.00 0.0 
