1 47440.0 0.000000 
2 47442.1 0.000091 
3 47485.6 0.000089 
4 47529.1 0.000082 
5 47572.7 0.000073 
6 47616.4 0.000067 
7 47660.1 0.000071 
8 47704.0 0.000080 
9 47747.9 0.000077 
10 47791.9 0.000076 
11 47836.0 0.000084 
12 47880.2 0.000078 
13 47924.4 0.000059 
14 47968.8 0.000058 
15 48013.2 0.000064 
16 48057.7 0.000064 
17 48102.3 0.000059 
18 48146.9 0.000062 
19 48191.7 0.000074 
20 48236.5 0.000079 
21 48281.4 0.000074 
22 48326.4 0.000057 
23 48371.5 0.000057 
24 48416.6 0.000071 
25 48461.9 0.000087 
26 48507.2 0.000108 
27 48552.7 0.000128 
28 48598.2 0.000146 
29 48643.7 0.000182 
30 48689.4 0.000249 
31 48735.2 0.000319 
32 48781.0 0.000330 
33 48827.0 0.000427 
34 48873.0 0.000524 
35 48919.1 0.000716 
36 48965.3 0.001192 
37 49011.6 0.001799 
38 49057.9 0.002635 
39 49104.4 0.003611 
40 49150.9 0.004625 
41 49197.6 0.005849 
42 49244.3 0.007203 
43 49291.1 0.008569 
44 49338.0 0.010520 
45 49385.0 0.012950 
46 49432.1 0.015910 
47 49479.2 0.019330 
48 49526.5 0.022430 
49 49573.8 0.026050 
50 49621.3 0.029580 
51 49668.8 0.032980 
52 49716.4 0.036370 
53 49764.1 0.039890 
54 49811.9 0.043590 
55 49859.8 0.047340 
56 49907.8 0.051020 
57 49955.9 0.055470 
58 50004.1 0.058670 
59 50052.3 0.062560 
60 50100.7 0.065920 
61 50149.2 0.068730 
62 50197.7 0.070920 
63 50246.3 0.073090 
64 50295.1 0.074520 
65 50343.9 0.076020 
66 50392.8 0.077410 
67 50441.9 0.078520 
68 50491.0 0.079900 
69 50540.2 0.081020 
70 50589.5 0.082370 
71 50638.9 0.083830 
72 50688.4 0.085330 
73 50738.0 0.087040 
74 50787.7 0.089250 
75 50837.5 0.091120 
76 50887.4 0.093340 
77 50937.4 0.095470 
78 50987.4 0.097050 
79 51037.6 0.098150 
80 51087.9 0.099230 
81 51138.3 0.100200 
82 51188.8 0.100900 
83 51239.4 0.101700 
84 51290.0 0.102400 
85 51340.8 0.102900 
86 51391.7 0.103400 
87 51442.7 0.103700 
88 51493.8 0.103800 
89 51545.0 0.103800 
90 51596.3 0.103900 
91 51647.6 0.104000 
92 51699.1 0.104300 
93 51750.7 0.104800 
94 51802.4 0.105300 
95 51854.2 0.105900 
96 51906.1 0.106600 
97 51958.1 0.107200 
98 52010.3 0.108000 
99 52062.5 0.108800 
100 52114.8 0.109500 
101 52167.2 0.110200 
102 52219.8 0.110900 
103 52272.4 0.111500 
104 52325.2 0.112100 
105 52378.0 0.112700 
106 52431.0 0.112900 
107 52484.0 0.112900 
108 52537.2 0.112300 
109 52590.5 0.111600 
110 52643.9 0.111000 
111 52697.4 0.110200 
112 52751.0 0.109500 
113 52804.7 0.109200 
114 52858.5 0.109300 
115 52912.5 0.109900 
116 52966.5 0.110600 
117 53020.7 0.111100 
118 53075.0 0.111900 
119 53129.3 0.112600 
120 53183.8 0.113500 
121 53238.4 0.114500 
122 53293.1 0.115600 
123 53348.0 0.116500 
124 53402.9 0.117600 
125 53458.0 0.118600 
126 53513.1 0.119500 
127 53568.4 0.120300 
128 53623.8 0.121000 
129 53679.3 0.121600 
130 53735.0 0.122200 
131 53790.7 0.122700 
132 53846.6 0.122900 
133 53902.5 0.122900 
134 53958.6 0.122900 
135 54014.8 0.122800 
136 54071.1 0.122600 
137 54127.6 0.122500 
138 54184.2 0.122100 
139 54240.8 0.122000 
140 54297.6 0.121900 
141 54354.5 0.121700 
142 54411.6 0.121700 
143 54468.7 0.121600 
144 54526.0 0.121700 
145 54583.4 0.121800 
146 54640.9 0.121900 
147 54698.6 0.121800 
148 54756.3 0.121900 
149 54814.2 0.121800 
150 54872.2 0.121900 
151 54930.3 0.121700 
152 54988.6 0.121700 
153 55047.0 0.121800 
154 55105.5 0.122000 
155 55164.1 0.122600 
156 55222.8 0.123200 
157 55281.7 0.123900 
158 55340.7 0.124500 
159 55399.8 0.125300 
160 55459.1 0.126100 
161 55518.4 0.126800 
162 55578.0 0.127500 
163 55637.6 0.128200 
164 55697.3 0.128900 
165 55757.2 0.129600 
166 55817.3 0.129600 
167 55877.4 0.129400 
168 55937.7 0.129200 
169 55998.1 0.128900 
170 56058.6 0.128800 
171 56119.3 0.128800 
172 56180.1 0.129000 
173 56241.0 0.129600 
174 56302.1 0.130300 
175 56363.3 0.131100 
176 56424.6 0.131800 
177 56486.1 0.132400 
178 56547.7 0.133000 
179 56609.4 0.133500 
180 56671.3 0.134000 
181 56733.3 0.134400 
182 56795.4 0.134300 
183 56857.7 0.134200 
184 56920.1 0.134100 
185 56982.7 0.134100 
186 57045.4 0.134300 
187 57108.2 0.134900 
188 57171.1 0.135400 
189 57234.3 0.135900 
190 57297.5 0.136400 
191 57360.9 0.136800 
192 57424.4 0.137000 
193 57488.1 0.137400 
194 57551.9 0.137600 
195 57615.8 0.137400 
196 57679.9 0.136600 
197 57744.1 0.136000 
198 57808.5 0.135200 
199 57873.0 0.134800 
200 57937.7 0.134800 
201 58002.5 0.135300 
202 58067.4 0.135800 
203 58132.5 0.136300 
204 58197.8 0.137000 
205 58263.2 0.137600 
206 58328.7 0.138100 
207 58394.4 0.138600 
208 58460.2 0.139000 
209 58526.2 0.139300 
210 58592.4 0.139700 
211 58658.6 0.139600 
212 58725.1 0.139700 
213 58791.6 0.139700 
214 58858.4 0.139700 
215 58925.3 0.139800 
216 58992.3 0.140100 
217 59059.5 0.140300 
218 59126.8 0.140600 
219 59194.3 0.140900 
220 59262.0 0.141300 
221 59329.8 0.141600 
222 59397.7 0.141700 
223 59465.9 0.141900 
224 59534.1 0.142000 
225 59602.6 0.142000 
226 59671.2 0.142100 
227 59739.9 0.142000 
228 59808.8 0.142000 
229 59877.9 0.142100 
230 59947.1 0.142000 
231 60016.5 0.141900 
232 60086.0 0.141600 
233 60155.7 0.141500 
234 60225.6 0.141500 
235 60295.6 0.141700 
236 60365.8 0.141700 
237 60436.2 0.141800 
238 60506.7 0.141900 
239 60577.4 0.141900 
240 60648.2 0.141800 
241 60719.2 0.142000 
242 60790.4 0.142000 
243 60861.8 0.141600 
244 60933.3 0.141000 
245 61005.0 0.140100 
246 61076.8 0.139200 
247 61148.9 0.138200 
248 61221.1 0.137400 
249 61293.4 0.136800 
250 61366.0 0.136100 
251 61438.7 0.135700 
252 61511.5 0.135400 
253 61584.6 0.135200 
254 61657.8 0.135200 
255 61731.2 0.135000 
256 61804.8 0.134700 
257 61878.6 0.134700 
258 61952.5 0.134100 
259 62026.6 0.133300 
260 62100.9 0.132300 
261 62175.3 0.130900 
262 62250.0 0.129200 
263 62324.8 0.127800 
264 62399.8 0.126300 
265 62475.0 0.125300 
266 62550.3 0.124900 
267 62625.9 0.124500 
268 62701.6 0.124400 
269 62777.5 0.124600 
270 62853.6 0.124800 
271 62929.9 0.125100 
272 63006.4 0.125400 
273 63083.0 0.125200 
274 63159.8 0.125000 
275 63236.9 0.123500 
276 63314.1 0.122300 
277 63391.5 0.120000 
278 63469.1 0.117600 
279 63546.9 0.114800 
280 63624.8 0.109300 
281 63703.0 0.103600 
282 63781.3 0.097200 
283 63859.9 0.090830 
284 63938.6 0.084630 
285 64017.6 0.079400 
286 64096.7 0.072560 
287 64176.0 0.064980 
288 64255.6 0.057960 
289 64335.3 0.049720 
290 64415.2 0.041420 
291 64495.3 0.032760 
292 64575.6 0.025500 
293 64656.1 0.018990 
294 64736.9 0.013390 
295 64817.8 0.009109 
296 64898.9 0.005789 
297 64980.2 0.003272 
298 65061.8 0.001720 
299 65143.5 0.000820 
300 65225.4 0.000371 
301 65307.6 0.000125 
302 65390.0 0.000061 
303 65472.5 0.000045 
304 65555.3 0.000030 
305 65638.3 0.000029 
306 65721.5 0.000026 
307 65804.9 0.000006 
308 65888.5 0.000012 
309 65972.3 0.000027 
310 66056.3 0.000032 
311 66140.6 0.000051 
312 66225.1 0.000065 
313 66226.0 0.000000 
