1 10780.66 0.100072E-02 
2 10815.40 0.266537E-02 
3 10850.13 0.635428E-02 
4 10884.87 0.171113E-01 
5 10919.60 0.473333E-01 
6 10954.34 0.125039E+00 
7 10989.07 0.261215E+00 
8 11023.81 0.395953E+00 
9 11058.55 0.463568E+00 
10 11093.28 0.484001E+00 
11 11128.02 0.490355E+00 
12 11162.75 0.493874E+00 
13 11197.49 0.494840E+00 
14 11232.22 0.496777E+00 
15 11266.96 0.497405E+00 
16 11301.70 0.496706E+00 
17 11336.43 0.494141E+00 
18 11371.17 0.493324E+00 
19 11405.90 0.496031E+00 
20 11440.64 0.499309E+00 
21 11475.38 0.499967E+00 
22 11510.11 0.498228E+00 
23 11544.85 0.498661E+00 
24 11579.58 0.505502E+00 
25 11614.32 0.514403E+00 
26 11649.05 0.518725E+00 
27 11683.79 0.515903E+00 
28 11718.53 0.511804E+00 
29 11753.26 0.511616E+00 
30 11788.00 0.515155E+00 
31 11822.73 0.517737E+00 
32 11857.47 0.516599E+00 
33 11892.20 0.513950E+00 
34 11926.94 0.514269E+00 
35 11961.68 0.517412E+00 
36 11996.41 0.521373E+00 
37 12031.15 0.523403E+00 
38 12065.88 0.523136E+00 
39 12100.62 0.524344E+00 
40 12135.35 0.526928E+00 
41 12170.09 0.528403E+00 
42 12204.83 0.527621E+00 
43 12239.56 0.524595E+00 
44 12274.30 0.524429E+00 
45 12309.03 0.528078E+00 
46 12343.77 0.533746E+00 
47 12378.50 0.537297E+00 
48 12413.24 0.537135E+00 
49 12447.98 0.535402E+00 
50 12482.71 0.536601E+00 
51 12517.45 0.539491E+00 
52 12552.18 0.541551E+00 
53 12586.92 0.539780E+00 
54 12621.66 0.534977E+00 
55 12656.39 0.530802E+00 
56 12691.13 0.531711E+00 
57 12725.86 0.536182E+00 
58 12760.60 0.542592E+00 
59 12795.33 0.547251E+00 
60 12830.07 0.549424E+00 
61 12864.81 0.549063E+00 
62 12899.54 0.546834E+00 
63 12934.28 0.541561E+00 
64 12969.01 0.534410E+00 
65 13003.75 0.527772E+00 
66 13038.48 0.525090E+00 
67 13073.22 0.528271E+00 
68 13107.96 0.536582E+00 
69 13142.69 0.546168E+00 
70 13177.43 0.553226E+00 
71 13212.16 0.556406E+00 
72 13246.90 0.556967E+00 
73 13281.63 0.556581E+00 
74 13316.37 0.554351E+00 
75 13351.11 0.548815E+00 
76 13385.84 0.540758E+00 
77 13420.58 0.532768E+00 
78 13455.31 0.528424E+00 
79 13490.05 0.528699E+00 
80 13524.78 0.533069E+00 
81 13559.52 0.538152E+00 
82 13594.26 0.542899E+00 
83 13628.99 0.543248E+00 
84 13663.73 0.542909E+00 
85 13698.46 0.540783E+00 
86 13733.20 0.536971E+00 
87 13767.94 0.531249E+00 
88 13802.67 0.521209E+00 
89 13837.41 0.508239E+00 
90 13872.14 0.503597E+00 
91 13906.88 0.512118E+00 
92 13941.61 0.505426E+00 
93 13976.35 0.399421E+00 
94 14011.09 0.208912E+00 
95 14045.82 0.749981E-01 
96 14080.56 0.259461E-01 
97 14115.29 0.998403E-02 
98 14150.03 0.421341E-02 
99 14184.76 0.202284E-02 
100 14219.50 0.100223E-02 
