1 8895.83 0.101571E-02 
2 8929.14 0.289715E-02 
3 8962.45 0.822675E-02 
4 8995.76 0.285510E-01 
5 9029.07 0.913722E-01 
6 9062.37 0.217049E+00 
7 9095.68 0.337334E+00 
8 9128.99 0.391427E+00 
9 9162.30 0.406943E+00 
10 9195.61 0.402847E+00 
11 9228.92 0.395610E+00 
12 9262.23 0.400559E+00 
13 9295.53 0.410334E+00 
14 9328.84 0.411394E+00 
15 9362.15 0.408815E+00 
16 9395.46 0.416108E+00 
17 9428.77 0.425443E+00 
18 9462.08 0.427113E+00 
19 9495.39 0.420995E+00 
20 9528.69 0.420254E+00 
21 9562.00 0.425879E+00 
22 9595.31 0.427031E+00 
23 9628.62 0.420945E+00 
24 9661.93 0.418273E+00 
25 9695.24 0.426143E+00 
26 9728.55 0.435569E+00 
27 9761.85 0.439030E+00 
28 9795.16 0.441049E+00 
29 9828.47 0.447711E+00 
30 9861.78 0.457821E+00 
31 9895.09 0.458927E+00 
32 9928.40 0.451231E+00 
33 9961.71 0.444825E+00 
34 9995.01 0.446592E+00 
35 10028.32 0.451346E+00 
36 10061.63 0.449757E+00 
37 10094.94 0.442899E+00 
38 10128.25 0.438057E+00 
39 10161.56 0.441506E+00 
40 10194.87 0.447406E+00 
41 10228.17 0.451087E+00 
42 10261.48 0.452464E+00 
43 10294.79 0.457879E+00 
44 10328.10 0.469973E+00 
45 10361.41 0.482205E+00 
46 10394.72 0.487081E+00 
47 10428.03 0.484007E+00 
48 10461.33 0.480146E+00 
49 10494.64 0.482406E+00 
50 10527.95 0.485978E+00 
51 10561.26 0.487270E+00 
52 10594.57 0.484324E+00 
53 10627.88 0.481265E+00 
54 10661.19 0.480635E+00 
55 10694.49 0.482698E+00 
56 10727.80 0.482648E+00 
57 10761.11 0.480768E+00 
58 10794.42 0.480859E+00 
59 10827.73 0.484016E+00 
60 10861.04 0.490578E+00 
61 10894.35 0.495914E+00 
62 10927.65 0.497464E+00 
63 10960.96 0.496830E+00 
64 10994.27 0.495855E+00 
65 11027.58 0.495243E+00 
66 11060.89 0.492875E+00 
67 11094.20 0.488029E+00 
68 11127.51 0.482078E+00 
69 11160.81 0.477590E+00 
70 11194.12 0.475668E+00 
71 11227.43 0.477259E+00 
72 11260.74 0.481235E+00 
73 11294.05 0.485961E+00 
74 11327.36 0.490038E+00 
75 11360.67 0.492521E+00 
76 11393.97 0.495531E+00 
77 11427.28 0.497579E+00 
78 11460.59 0.501021E+00 
79 11493.90 0.503479E+00 
80 11527.21 0.502357E+00 
81 11560.52 0.497523E+00 
82 11593.83 0.492324E+00 
83 11627.13 0.491019E+00 
84 11660.44 0.495150E+00 
85 11693.75 0.502116E+00 
86 11727.06 0.508765E+00 
87 11760.37 0.513670E+00 
88 11793.68 0.515477E+00 
89 11826.99 0.506602E+00 
90 11860.29 0.488096E+00 
91 11893.60 0.484907E+00 
92 11926.91 0.507867E+00 
93 11960.22 0.453438E+00 
94 11993.53 0.230639E+00 
95 12026.84 0.813561E-01 
96 12060.15 0.304492E-01 
97 12093.45 0.126927E-01 
98 12126.76 0.548808E-02 
99 12160.07 0.232789E-02 
100 12193.38 0.101420E-02 
