1 3100.0 2.86841e-03 
2 3102.0 2.93378e-03 
3 3104.0 3.00057e-03 
4 3106.0 3.06882e-03 
5 3108.0 3.13855e-03 
6 3110.0 3.20980e-03 
7 3112.0 3.28260e-03 
8 3114.0 3.35698e-03 
9 3116.0 3.43298e-03 
10 3118.0 3.51063e-03 
11 3120.0 3.58996e-03 
12 3122.0 3.67101e-03 
13 3124.0 3.75381e-03 
14 3126.0 3.83841e-03 
15 3128.0 3.92483e-03 
16 3130.0 4.01313e-03 
17 3132.0 4.10333e-03 
18 3134.0 4.19547e-03 
19 3136.0 4.28960e-03 
20 3138.0 4.38577e-03 
21 3140.0 4.48400e-03 
22 3142.0 4.58435e-03 
23 3144.0 4.68685e-03 
24 3146.0 4.79156e-03 
25 3148.0 4.89852e-03 
26 3150.0 5.00778e-03 
27 3152.0 5.11937e-03 
28 3154.0 5.23337e-03 
29 3156.0 5.34980e-03 
30 3158.0 5.46873e-03 
31 3160.0 5.59020e-03 
32 3162.0 5.71427e-03 
33 3164.0 5.84099e-03 
34 3166.0 5.97042e-03 
35 3168.0 6.10261e-03 
36 3170.0 6.23763e-03 
37 3172.0 6.37552e-03 
38 3174.0 6.51635e-03 
39 3176.0 6.66018e-03 
40 3178.0 6.80707e-03 
41 3180.0 6.95708e-03 
42 3182.0 7.11028e-03 
43 3184.0 7.26674e-03 
44 3186.0 7.42652e-03 
45 3188.0 7.58969e-03 
46 3190.0 7.75632e-03 
47 3192.0 7.92649e-03 
48 3194.0 8.10026e-03 
49 3196.0 8.27770e-03 
50 3198.0 8.45890e-03 
51 3200.0 8.64394e-03 
52 3202.0 8.73924e-03 
53 3204.0 8.83548e-03 
54 3206.0 8.93265e-03 
55 3208.0 9.03077e-03 
56 3210.0 9.12985e-03 
57 3212.0 9.22989e-03 
58 3214.0 9.33091e-03 
59 3216.0 9.43290e-03 
60 3218.0 9.53589e-03 
61 3220.0 9.63987e-03 
62 3222.0 9.74486e-03 
63 3224.0 9.85087e-03 
64 3226.0 9.95791e-03 
65 3228.0 1.00660e-02 
66 3230.0 1.01751e-02 
67 3232.0 1.02853e-02 
68 3234.0 1.03965e-02 
69 3236.0 1.05088e-02 
70 3238.0 1.06222e-02 
71 3240.0 1.07367e-02 
72 3242.0 1.08523e-02 
73 3244.0 1.09689e-02 
74 3246.0 1.10868e-02 
75 3248.0 1.12057e-02 
76 3250.0 1.13258e-02 
77 3252.0 1.14314e-02 
78 3254.0 1.15380e-02 
79 3256.0 1.16455e-02 
80 3258.0 1.17540e-02 
81 3260.0 1.18634e-02 
82 3262.0 1.19737e-02 
83 3264.0 1.20851e-02 
84 3266.0 1.21974e-02 
85 3268.0 1.23106e-02 
86 3270.0 1.24249e-02 
87 3272.0 1.25402e-02 
88 3274.0 1.26565e-02 
89 3276.0 1.27737e-02 
90 3278.0 1.28921e-02 
91 3280.0 1.30114e-02 
92 3282.0 1.31318e-02 
93 3284.0 1.32532e-02 
94 3286.0 1.33757e-02 
95 3288.0 1.34993e-02 
96 3290.0 1.36239e-02 
97 3292.0 1.37496e-02 
98 3294.0 1.38764e-02 
99 3296.0 1.40043e-02 
100 3298.0 1.41333e-02 
101 3300.0 1.42635e-02 
102 3302.0 1.43564e-02 
103 3304.0 1.44498e-02 
104 3306.0 1.45438e-02 
105 3308.0 1.46384e-02 
106 3310.0 1.47335e-02 
107 3312.0 1.48291e-02 
108 3314.0 1.49253e-02 
109 3316.0 1.50220e-02 
110 3318.0 1.51193e-02 
111 3320.0 1.52171e-02 
112 3322.0 1.53156e-02 
113 3324.0 1.54145e-02 
114 3326.0 1.55141e-02 
115 3328.0 1.56142e-02 
116 3330.0 1.57149e-02 
117 3332.0 1.58161e-02 
118 3334.0 1.59180e-02 
119 3336.0 1.60204e-02 
120 3338.0 1.61234e-02 
121 3340.0 1.62270e-02 
122 3342.0 1.63312e-02 
123 3344.0 1.64360e-02 
124 3346.0 1.65414e-02 
125 3348.0 1.66474e-02 
126 3350.0 1.67540e-02 
127 3352.0 1.68612e-02 
128 3354.0 1.69690e-02 
129 3356.0 1.70775e-02 
130 3358.0 1.71865e-02 
131 3360.0 1.72962e-02 
132 3362.0 1.74065e-02 
133 3364.0 1.75174e-02 
134 3366.0 1.76290e-02 
135 3368.0 1.77411e-02 
136 3370.0 1.78540e-02 
137 3372.0 1.79674e-02 
138 3374.0 1.80815e-02 
139 3376.0 1.81963e-02 
140 3378.0 1.83117e-02 
141 3380.0 1.84277e-02 
142 3382.0 1.85445e-02 
143 3384.0 1.86618e-02 
144 3386.0 1.87799e-02 
145 3388.0 1.88986e-02 
146 3390.0 1.90179e-02 
147 3392.0 1.91380e-02 
148 3394.0 1.92587e-02 
149 3396.0 1.93801e-02 
150 3398.0 1.95022e-02 
151 3400.0 1.96250e-02 
152 3402.0 1.97295e-02 
153 3404.0 1.98345e-02 
154 3406.0 1.99400e-02 
155 3408.0 2.00460e-02 
156 3410.0 2.01524e-02 
157 3412.0 2.02594e-02 
158 3414.0 2.03668e-02 
159 3416.0 2.04748e-02 
160 3418.0 2.05832e-02 
161 3420.0 2.06921e-02 
162 3422.0 2.08016e-02 
163 3424.0 2.09115e-02 
164 3426.0 2.10220e-02 
165 3428.0 2.11329e-02 
166 3430.0 2.12444e-02 
167 3432.0 2.13563e-02 
168 3434.0 2.14688e-02 
169 3436.0 2.15818e-02 
170 3438.0 2.16953e-02 
171 3440.0 2.18093e-02 
172 3442.0 2.19239e-02 
173 3444.0 2.20390e-02 
174 3446.0 2.21546e-02 
175 3448.0 2.22707e-02 
176 3450.0 2.23874e-02 
177 3452.0 2.25046e-02 
178 3454.0 2.26223e-02 
179 3456.0 2.27406e-02 
180 3458.0 2.28594e-02 
181 3460.0 2.29787e-02 
182 3462.0 2.30986e-02 
183 3464.0 2.32190e-02 
184 3466.0 2.33400e-02 
185 3468.0 2.34615e-02 
186 3470.0 2.35836e-02 
187 3472.0 2.37062e-02 
188 3474.0 2.38294e-02 
189 3476.0 2.39532e-02 
190 3478.0 2.40775e-02 
191 3480.0 2.42024e-02 
192 3482.0 2.43278e-02 
193 3484.0 2.44538e-02 
194 3486.0 2.45804e-02 
195 3488.0 2.47075e-02 
196 3490.0 2.48353e-02 
197 3492.0 2.49636e-02 
198 3494.0 2.50924e-02 
199 3496.0 2.52219e-02 
200 3498.0 2.53520e-02 
201 3500.0 2.54826e-02 
202 3502.0 2.57507e-02 
203 3504.0 2.60206e-02 
204 3506.0 2.62923e-02 
205 3508.0 2.65658e-02 
206 3510.0 2.68411e-02 
207 3512.0 2.74642e-02 
208 3514.0 2.80922e-02 
209 3516.0 2.87251e-02 
210 3518.0 2.93630e-02 
211 3520.0 3.00059e-02 
212 3522.0 3.06184e-02 
213 3524.0 3.12355e-02 
214 3526.0 3.18575e-02 
215 3528.0 3.24842e-02 
216 3530.0 3.31157e-02 
217 3532.0 3.39862e-02 
218 3534.0 3.48636e-02 
219 3536.0 3.57479e-02 
220 3538.0 3.66392e-02 
221 3540.0 3.75376e-02 
222 3542.0 3.78847e-02 
223 3544.0 3.82340e-02 
224 3546.0 3.85855e-02 
225 3548.0 3.89392e-02 
226 3550.0 3.92951e-02 
227 3552.0 3.99531e-02 
228 3554.0 4.06160e-02 
229 3556.0 4.12837e-02 
230 3558.0 4.19563e-02 
231 3560.0 4.26339e-02 
232 3562.0 4.32998e-02 
233 3564.0 4.39705e-02 
234 3566.0 4.46460e-02 
235 3568.0 4.53265e-02 
236 3570.0 4.60118e-02 
237 3572.0 4.66740e-02 
238 3574.0 4.73410e-02 
239 3576.0 4.80127e-02 
240 3578.0 4.86892e-02 
241 3580.0 4.93704e-02 
242 3582.0 4.97252e-02 
243 3584.0 5.00820e-02 
244 3586.0 5.04408e-02 
245 3588.0 5.08015e-02 
246 3590.0 5.11642e-02 
247 3592.0 5.14723e-02 
248 3594.0 5.17819e-02 
249 3596.0 5.20930e-02 
250 3598.0 5.24056e-02 
251 3600.0 5.27198e-02 
252 3602.0 5.34722e-02 
253 3604.0 5.42307e-02 
254 3606.0 5.49953e-02 
255 3608.0 5.57661e-02 
256 3610.0 5.65430e-02 
257 3612.0 5.71539e-02 
258 3614.0 5.77691e-02 
259 3616.0 5.83886e-02 
260 3618.0 5.90124e-02 
261 3620.0 5.96406e-02 
262 3622.0 6.03134e-02 
263 3624.0 6.09911e-02 
264 3626.0 6.16736e-02 
265 3628.0 6.23610e-02 
266 3630.0 6.30532e-02 
267 3632.0 6.37103e-02 
268 3634.0 6.43718e-02 
269 3636.0 6.50378e-02 
270 3638.0 6.57083e-02 
271 3640.0 6.63834e-02 
272 3642.0 6.72126e-02 
273 3644.0 6.80480e-02 
274 3646.0 6.88896e-02 
275 3648.0 6.97375e-02 
276 3650.0 7.05915e-02 
277 3652.0 7.13195e-02 
278 3654.0 7.20526e-02 
279 3656.0 7.27909e-02 
280 3658.0 7.35345e-02 
281 3660.0 7.42832e-02 
282 3662.0 7.48518e-02 
283 3664.0 7.54235e-02 
284 3666.0 7.59982e-02 
285 3668.0 7.65760e-02 
286 3670.0 7.71568e-02 
287 3672.0 7.80007e-02 
288 3674.0 7.88507e-02 
289 3676.0 7.97070e-02 
290 3678.0 8.05694e-02 
291 3680.0 8.14382e-02 
292 3682.0 8.23695e-02 
293 3684.0 8.33077e-02 
294 3686.0 8.42530e-02 
295 3688.0 8.52053e-02 
296 3690.0 8.61647e-02 
297 3692.0 8.81068e-02 
298 3694.0 9.00675e-02 
299 3696.0 9.20467e-02 
300 3698.0 9.40446e-02 
301 3700.0 9.60612e-02 
302 3702.0 9.54204e-02 
303 3704.0 9.47685e-02 
304 3706.0 9.41056e-02 
305 3708.0 9.34316e-02 
306 3710.0 9.27464e-02 
307 3712.0 9.32189e-02 
308 3714.0 9.36925e-02 
309 3716.0 9.41673e-02 
310 3718.0 9.46433e-02 
311 3720.0 9.51204e-02 
312 3722.0 9.56525e-02 
313 3724.0 9.61863e-02 
314 3726.0 9.67218e-02 
315 3728.0 9.72591e-02 
316 3730.0 9.77981e-02 
317 3732.0 9.83666e-02 
318 3734.0 9.89371e-02 
319 3736.0 9.95097e-02 
320 3738.0 1.00084e-01 
321 3740.0 1.00661e-01 
322 3742.0 1.01304e-01 
323 3744.0 1.01949e-01 
324 3746.0 1.02597e-01 
325 3748.0 1.03248e-01 
326 3750.0 1.03901e-01 
327 3752.0 1.04742e-01 
328 3754.0 1.05587e-01 
329 3756.0 1.06437e-01 
330 3758.0 1.07291e-01 
331 3760.0 1.08150e-01 
332 3762.0 1.09047e-01 
333 3764.0 1.09949e-01 
334 3766.0 1.10856e-01 
335 3768.0 1.11767e-01 
336 3770.0 1.12683e-01 
337 3772.0 1.13358e-01 
338 3774.0 1.14036e-01 
339 3776.0 1.14716e-01 
340 3778.0 1.15399e-01 
341 3780.0 1.16084e-01 
342 3782.0 1.16831e-01 
343 3784.0 1.17580e-01 
344 3786.0 1.18333e-01 
345 3788.0 1.19090e-01 
346 3790.0 1.19849e-01 
347 3792.0 1.20405e-01 
348 3794.0 1.20962e-01 
349 3796.0 1.21521e-01 
350 3798.0 1.22081e-01 
351 3800.0 1.22642e-01 
352 3802.0 1.23111e-01 
353 3804.0 1.23581e-01 
354 3806.0 1.24052e-01 
355 3808.0 1.24525e-01 
356 3810.0 1.24998e-01 
357 3812.0 1.25565e-01 
358 3814.0 1.26133e-01 
359 3816.0 1.26704e-01 
360 3818.0 1.27276e-01 
361 3820.0 1.27850e-01 
362 3822.0 1.28345e-01 
363 3824.0 1.28841e-01 
364 3826.0 1.29338e-01 
365 3828.0 1.29836e-01 
366 3830.0 1.30336e-01 
367 3832.0 1.30897e-01 
368 3834.0 1.31460e-01 
369 3836.0 1.32024e-01 
370 3838.0 1.32590e-01 
371 3840.0 1.33157e-01 
372 3842.0 1.33483e-01 
373 3844.0 1.33809e-01 
374 3846.0 1.34134e-01 
375 3848.0 1.34459e-01 
376 3850.0 1.34785e-01 
377 3852.0 1.35057e-01 
378 3854.0 1.35330e-01 
379 3856.0 1.35602e-01 
380 3858.0 1.35874e-01 
381 3860.0 1.36146e-01 
382 3862.0 1.36246e-01 
383 3864.0 1.36344e-01 
384 3866.0 1.36441e-01 
385 3868.0 1.36536e-01 
386 3870.0 1.36630e-01 
387 3872.0 1.36805e-01 
388 3874.0 1.36979e-01 
389 3876.0 1.37152e-01 
390 3878.0 1.37324e-01 
391 3880.0 1.37495e-01 
392 3882.0 1.37290e-01 
393 3884.0 1.37081e-01 
394 3886.0 1.36869e-01 
395 3888.0 1.36653e-01 
396 3890.0 1.36435e-01 
397 3892.0 1.36157e-01 
398 3894.0 1.35877e-01 
399 3896.0 1.35592e-01 
400 3898.0 1.35304e-01 
401 3900.0 1.35012e-01 
402 3902.0 1.34851e-01 
403 3904.0 1.34687e-01 
404 3906.0 1.34521e-01 
405 3908.0 1.34352e-01 
406 3910.0 1.34180e-01 
407 3912.0 1.34922e-01 
408 3914.0 1.35666e-01 
409 3916.0 1.36412e-01 
410 3918.0 1.37161e-01 
411 3920.0 1.37912e-01 
412 3922.0 1.38251e-01 
413 3924.0 1.38590e-01 
414 3926.0 1.38930e-01 
415 3928.0 1.39270e-01 
416 3930.0 1.39610e-01 
417 3932.0 1.32476e-01 
418 3934.0 1.25302e-01 
419 3936.0 1.18087e-01 
420 3938.0 1.10833e-01 
421 3940.0 1.03537e-01 
422 3942.0 9.19782e-02 
423 3944.0 8.03558e-02 
424 3946.0 6.86700e-02 
425 3948.0 5.69207e-02 
426 3950.0 4.51077e-02 
427 3952.0 3.92098e-02 
428 3954.0 3.32857e-02 
429 3956.0 2.73353e-02 
430 3958.0 2.13588e-02 
431 3960.0 1.53560e-02 
432 3962.0 1.36048e-02 
433 3964.0 1.18460e-02 
434 3966.0 1.00794e-02 
435 3968.0 8.30505e-03 
436 3970.0 6.52298e-03 
437 3972.0 5.86408e-03 
438 3974.0 5.20228e-03 
439 3976.0 4.53760e-03 
440 3978.0 3.87003e-03 
441 3980.0 3.19956e-03 
442 3982.0 3.00635e-03 
443 3984.0 2.81228e-03 
444 3986.0 2.61737e-03 
445 3988.0 2.42160e-03 
446 3990.0 2.22499e-03 
447 3992.0 2.10097e-03 
448 3994.0 1.97641e-03 
449 3996.0 1.85130e-03 
450 3998.0 1.72566e-03 
451 4000.0 1.59947e-03 
452 4002.0 1.63908e-03 
453 4004.0 1.67876e-03 
454 4006.0 1.71853e-03 
455 4008.0 1.75838e-03 
456 4010.0 1.79830e-03 
457 4012.0 1.75237e-03 
458 4014.0 1.70633e-03 
459 4016.0 1.66020e-03 
460 4018.0 1.61396e-03 
461 4020.0 1.56762e-03 
462 4022.0 1.54409e-03 
463 4024.0 1.52051e-03 
464 4026.0 1.49688e-03 
465 4028.0 1.47319e-03 
466 4030.0 1.44945e-03 
467 4032.0 1.50451e-03 
468 4034.0 1.55968e-03 
469 4036.0 1.61497e-03 
470 4038.0 1.67036e-03 
471 4040.0 1.72586e-03 
472 4042.0 1.64536e-03 
473 4044.0 1.56469e-03 
474 4046.0 1.48385e-03 
475 4048.0 1.40285e-03 
476 4050.0 1.32167e-03 
477 4052.0 1.31526e-03 
478 4054.0 1.30884e-03 
479 4056.0 1.30240e-03 
480 4058.0 1.29595e-03 
481 4060.0 1.28949e-03 
482 4062.0 1.27324e-03 
483 4064.0 1.25697e-03 
484 4066.0 1.24066e-03 
485 4068.0 1.22433e-03 
486 4070.0 1.20796e-03 
487 4072.0 1.21154e-03 
488 4074.0 1.21513e-03 
489 4076.0 1.21872e-03 
490 4078.0 1.22231e-03 
491 4080.0 1.22591e-03 
492 4082.0 1.29779e-03 
493 4084.0 1.36980e-03 
494 4086.0 1.44192e-03 
495 4088.0 1.51416e-03 
496 4090.0 1.58652e-03 
497 4092.0 1.50300e-03 
498 4094.0 1.41933e-03 
499 4096.0 1.33552e-03 
500 4098.0 1.25157e-03 
