1 7999.0000 0.00000000 
2 8000.0000 0.00000288 
3 8010.0000 0.00000552 
4 8020.0000 0.00000338 
5 8030.0000 0.00000015 
6 8040.0000 0.00000152 
7 8050.0000 0.00000534 
8 8060.0000 0.00000703 
9 8070.0000 0.00000591 
10 8080.0000 0.00000294 
11 8090.0000 0.00000019 
12 8100.0000 0.00000000 
13 8110.0000 0.00000000 
14 8120.0000 0.00000000 
15 8130.0000 0.00000000 
16 8140.0000 0.00000221 
17 8150.0000 0.00000453 
18 8160.0000 0.00000419 
19 8170.0000 0.00000229 
20 8180.0000 0.00000077 
21 8190.0000 0.00000002 
22 8200.0000 0.00000000 
23 8210.0000 0.00000000 
24 8220.0000 0.00000003 
25 8230.0000 0.00000000 
26 8240.0000 0.00000000 
27 8250.0000 0.00000000 
28 8260.0000 0.00000000 
29 8270.0000 0.00000000 
30 8280.0000 0.00000000 
31 8290.0000 0.00000000 
32 8300.0000 0.00000000 
33 8310.0000 0.00000000 
34 8320.0000 0.00000000 
35 8330.0000 0.00000000 
36 8340.0000 0.00000000 
37 8350.0000 0.00000000 
38 8360.0000 0.00000000 
39 8370.0000 0.00000000 
40 8380.0000 0.00000000 
41 8390.0000 0.00000000 
42 8400.0000 0.00000000 
43 8410.0000 0.00000000 
44 8420.0000 0.00000000 
45 8430.0000 0.00000000 
46 8440.0000 0.00000000 
47 8450.0000 0.00000000 
48 8460.0000 0.00000000 
49 8470.0000 0.00000000 
50 8480.0000 0.00000003 
51 8490.0000 0.00000000 
52 8500.0000 0.00000000 
53 8510.0000 0.00000004 
54 8520.0000 0.00000036 
55 8530.0000 0.00000000 
56 8540.0000 0.00000000 
57 8550.0000 0.00000073 
58 8560.0000 0.00000775 
59 8570.0000 0.00001458 
60 8580.0000 0.00001658 
61 8590.0000 0.00001290 
62 8600.0000 0.00000514 
63 8610.0000 0.00000000 
64 8620.0000 0.00000000 
65 8630.0000 0.00000019 
66 8640.0000 0.00000030 
67 8650.0000 0.00000000 
68 8660.0000 0.00000000 
69 8670.0000 0.00000002 
70 8680.0000 0.00000002 
71 8690.0000 0.00000000 
72 8700.0000 0.00000000 
73 8710.0000 0.00000000 
74 8720.0000 0.00000000 
75 8730.0000 0.00000000 
76 8740.0000 0.00000000 
77 8750.0000 0.00000000 
78 8760.0000 0.00000000 
79 8770.0000 0.00000000 
80 8780.0000 0.00000000 
81 8790.0000 0.00000000 
82 8800.0000 0.00000000 
83 8810.0000 0.00000000 
84 8820.0000 0.00000001 
85 8830.0000 0.00000000 
86 8840.0000 0.00000000 
87 8850.0000 0.00000003 
88 8860.0000 0.00000008 
89 8870.0000 0.00000000 
90 8880.0000 0.00000000 
91 8890.0000 0.00000041 
92 8900.0000 0.00000179 
93 8910.0000 0.00000203 
94 8920.0000 0.00000075 
95 8930.0000 0.00000000 
96 8940.0000 0.00000000 
97 8950.0000 0.00000006 
98 8960.0000 0.00000005 
99 8970.0000 0.00000000 
100 8980.0000 0.00000000 
101 8990.0000 0.00000000 
102 9000.0000 0.00000000 
103 9010.0000 0.00000000 
104 9020.0000 0.00000000 
105 9030.0000 0.00000000 
106 9040.0000 0.00000000 
107 9050.0000 0.00000000 
108 9060.0000 0.00000000 
109 9070.0000 0.00000000 
110 9080.0000 0.00000000 
111 9090.0000 0.00000000 
112 9100.0000 0.00000000 
113 9110.0000 0.00000002 
114 9120.0000 0.00000003 
115 9130.0000 0.00000000 
116 9140.0000 0.00000000 
117 9150.0000 0.00000027 
118 9160.0000 0.00000045 
119 9170.0000 0.00000000 
120 9180.0000 0.00000000 
121 9190.0000 0.00000416 
122 9200.0000 0.00001253 
123 9210.0000 0.00001180 
124 9220.0000 0.00000312 
125 9230.0000 0.00000000 
126 9240.0000 0.00000000 
127 9250.0000 0.00000005 
128 9260.0000 0.00000000 
129 9270.0000 0.00000153 
130 9280.0000 0.00000217 
131 9290.0000 0.00000000 
132 9300.0000 0.00000000 
133 9310.0000 0.00002630 
134 9320.0000 0.00007055 
135 9330.0000 0.00006203 
136 9340.0000 0.00001395 
137 9350.0000 0.00000000 
138 9360.0000 0.00000000 
139 9370.0000 0.00000273 
140 9380.0000 0.00000090 
141 9390.0000 0.00000000 
142 9400.0000 0.00000000 
143 9410.0000 0.00000020 
144 9420.0000 0.00000006 
145 9430.0000 0.00000000 
146 9440.0000 0.00000000 
147 9450.0000 0.00000001 
148 9460.0000 0.00000000 
149 9470.0000 0.00000000 
150 9480.0000 0.00000000 
151 9490.0000 0.00000000 
152 9500.0000 0.00000000 
153 9510.0000 0.00000000 
154 9520.0000 0.00000000 
155 9530.0000 0.00000000 
156 9540.0000 0.00000000 
157 9550.0000 0.00000000 
158 9560.0000 0.00000000 
159 9570.0000 0.00000000 
160 9580.0000 0.00000000 
161 9590.0000 0.00000000 
162 9600.0000 0.00000000 
163 9610.0000 0.00000000 
164 9620.0000 0.00000000 
165 9630.0000 0.00000000 
166 9640.0000 0.00000000 
167 9650.0000 0.00000000 
168 9660.0000 0.00000000 
169 9670.0000 0.00000000 
170 9680.0000 0.00000000 
171 9690.0000 0.00000000 
172 9700.0000 0.00000000 
173 9710.0000 0.00000000 
174 9720.0000 0.00000000 
175 9730.0000 0.00000000 
176 9740.0000 0.00000000 
177 9750.0000 0.00000003 
178 9760.0000 0.00000001 
179 9770.0000 0.00000000 
180 9780.0000 0.00000000 
181 9790.0000 0.00000041 
182 9800.0000 0.00000011 
183 9810.0000 0.00000000 
184 9820.0000 0.00000000 
185 9830.0000 0.00000704 
186 9840.0000 0.00001262 
187 9850.0000 0.00000803 
188 9860.0000 0.00000026 
189 9870.0000 0.00000000 
190 9880.0000 0.00000000 
191 9890.0000 0.00000044 
192 9900.0000 0.00000001 
193 9910.0000 0.00000000 
194 9920.0000 0.00000000 
195 9930.0000 0.00000009 
196 9940.0000 0.00000000 
197 9950.0000 0.00000000 
198 9960.0000 0.00000001 
199 9970.0000 0.00000080 
200 9980.0000 0.00000000 
201 9990.0000 0.00000000 
202 10000.0000 0.00000034 
203 10010.0000 0.00001445 
204 10020.0000 0.00002299 
205 10030.0000 0.00001300 
206 10040.0000 0.00000000 
207 10050.0000 0.00000000 
208 10060.0000 0.00000017 
209 10070.0000 0.00000075 
210 10080.0000 0.00000000 
211 10090.0000 0.00000000 
212 10100.0000 0.00000002 
213 10110.0000 0.00000005 
214 10120.0000 0.00000000 
215 10130.0000 0.00000000 
216 10140.0000 0.00000000 
217 10150.0000 0.00000000 
218 10160.0000 0.00000000 
219 10170.0000 0.00000000 
220 10180.0000 0.00000000 
221 10190.0000 0.00000000 
222 10200.0000 0.00000000 
223 10210.0000 0.00000000 
224 10220.0000 0.00000000 
225 10230.0000 0.00000000 
226 10240.0000 0.00000000 
227 10250.0000 0.00000000 
228 10260.0000 0.00000000 
229 10270.0000 0.00000000 
230 10280.0000 0.00000000 
231 10290.0000 0.00000000 
232 10300.0000 0.00000000 
233 10310.0000 0.00000000 
234 10320.0000 0.00000000 
235 10330.0000 0.00000000 
236 10340.0000 0.00000000 
237 10350.0000 0.00000001 
238 10360.0000 0.00000000 
239 10370.0000 0.00000000 
240 10380.0000 0.00000004 
241 10390.0000 0.00000016 
242 10400.0000 0.00000000 
243 10410.0000 0.00000000 
244 10420.0000 0.00000062 
245 10430.0000 0.00000343 
246 10440.0000 0.00000419 
247 10450.0000 0.00000174 
248 10460.0000 0.00000000 
249 10470.0000 0.00000000 
250 10480.0000 0.00000011 
251 10490.0000 0.00000011 
252 10500.0000 0.00000000 
253 10510.0000 0.00000000 
254 10520.0000 0.00000001 
255 10530.0000 0.00000001 
256 10540.0000 0.00000000 
257 10550.0000 0.00000000 
258 10560.0000 0.00000000 
259 10570.0000 0.00000000 
260 10580.0000 0.00000001 
261 10590.0000 0.00000004 
262 10600.0000 0.00000000 
263 10610.0000 0.00000000 
264 10620.0000 0.00000021 
265 10630.0000 0.00000051 
266 10640.0000 0.00000000 
267 10650.0000 0.00000000 
268 10660.0000 0.00000332 
269 10670.0000 0.00001242 
270 10680.0000 0.00001306 
271 10690.0000 0.00000424 
272 10700.0000 0.00000000 
273 10710.0000 0.00000000 
274 10720.0000 0.00000194 
275 10730.0000 0.00000134 
276 10740.0000 0.00000000 
277 10750.0000 0.00000000 
278 10760.0000 0.00000573 
279 10770.0000 0.00001880 
280 10780.0000 0.00001865 
281 10790.0000 0.00000552 
282 10800.0000 0.00000000 
283 10810.0000 0.00000000 
284 10820.0000 0.00000059 
285 10830.0000 0.00000015 
286 10840.0000 0.00000029 
287 10850.0000 0.00000068 
288 10860.0000 0.00000000 
289 10870.0000 0.00000000 
290 10880.0000 0.00000768 
291 10890.0000 0.00002284 
292 10900.0000 0.00002276 
293 10910.0000 0.00000893 
294 10920.0000 0.00000000 
295 10930.0000 0.00000000 
296 10940.0000 0.00000041 
297 10950.0000 0.00000016 
298 10960.0000 0.00000000 
299 10970.0000 0.00000000 
300 10980.0000 0.00000004 
301 10990.0000 0.00000002 
302 11000.0000 0.00000000 
303 11010.0000 0.00000000 
304 11020.0000 0.00000008 
305 11030.0000 0.00000009 
306 11040.0000 0.00000000 
307 11050.0000 0.00000000 
308 11060.0000 0.00000115 
309 11070.0000 0.00000117 
310 11080.0000 0.00000000 
311 11090.0000 0.00000000 
312 11100.0000 0.00001847 
313 11110.0000 0.00004405 
314 11120.0000 0.00003558 
315 11130.0000 0.00000623 
316 11140.0000 0.00000000 
317 11150.0000 0.00000000 
318 11160.0000 0.00000296 
319 11170.0000 0.00000079 
320 11180.0000 0.00000000 
321 11190.0000 0.00000000 
322 11200.0000 0.00000413 
323 11210.0000 0.00000294 
324 11220.0000 0.00000000 
325 11230.0000 0.00000000 
326 11240.0000 0.00006535 
327 11250.0000 0.00013957 
328 11260.0000 0.00010384 
329 11270.0000 0.00001309 
330 11280.0000 0.00000000 
331 11290.0000 0.00000000 
332 11300.0000 0.00000537 
333 11310.0000 0.00000090 
334 11320.0000 0.00000000 
335 11330.0000 0.00000000 
336 11340.0000 0.00000277 
337 11350.0000 0.00000116 
338 11360.0000 0.00000000 
339 11370.0000 0.00000000 
340 11380.0000 0.00004071 
341 11390.0000 0.00007822 
342 11400.0000 0.00005265 
343 11410.0000 0.00000368 
344 11420.0000 0.00000000 
345 11430.0000 0.00000000 
346 11440.0000 0.00000000 
347 11450.0000 0.00000000 
348 11460.0000 0.00003866 
349 11470.0000 0.00007174 
350 11480.0000 0.00004640 
351 11490.0000 0.00000192 
352 11500.0000 0.00000000 
353 11510.0000 0.00000000 
354 11520.0000 0.00000000 
355 11530.0000 0.00000000 
356 11540.0000 0.00001835 
357 11550.0000 0.00003269 
358 11560.0000 0.00001988 
359 11570.0000 0.00000020 
360 11580.0000 0.00000000 
361 11590.0000 0.00000326 
362 11600.0000 0.00000309 
363 11610.0000 0.00000000 
364 11620.0000 0.00000000 
365 11630.0000 0.00000001 
366 11640.0000 0.00000019 
367 11650.0000 0.00000000 
368 11660.0000 0.00000000 
369 11670.0000 0.00000000 
370 11680.0000 0.00000001 
371 11690.0000 0.00000000 
372 11700.0000 0.00000000 
373 11710.0000 0.00000000 
374 11720.0000 0.00000000 
375 11730.0000 0.00000001 
376 11740.0000 0.00000013 
377 11750.0000 0.00000020 
378 11760.0000 0.00000011 
379 11770.0000 0.00000000 
380 11780.0000 0.00000000 
381 11790.0000 0.00000000 
382 11800.0000 0.00000001 
383 11810.0000 0.00000000 
384 11820.0000 0.00000000 
385 11830.0000 0.00000000 
386 11840.0000 0.00000000 
387 11850.0000 0.00000000 
388 11860.0000 0.00000000 
389 11870.0000 0.00000000 
390 11880.0000 0.00000000 
391 11890.0000 0.00000000 
392 11900.0000 0.00000000 
393 11910.0000 0.00000000 
394 11920.0000 0.00000000 
395 11930.0000 0.00000000 
396 11940.0000 0.00000000 
397 11950.0000 0.00000000 
398 11960.0000 0.00000000 
399 11970.0000 0.00000000 
400 11980.0000 0.00000001 
401 11990.0000 0.00000000 
402 12000.0000 0.00000000 
403 12010.0000 0.00000003 
404 12020.0000 0.00000011 
405 12030.0000 0.00000000 
406 12040.0000 0.00000000 
407 12050.0000 0.00000040 
408 12060.0000 0.00000230 
409 12070.0000 0.00000286 
410 12080.0000 0.00000121 
411 12090.0000 0.00000000 
412 12100.0000 0.00000000 
413 12110.0000 0.00000007 
414 12120.0000 0.00000008 
415 12130.0000 0.00000000 
416 12140.0000 0.00000000 
417 12150.0000 0.00000001 
418 12160.0000 0.00000002 
419 12170.0000 0.00000000 
420 12180.0000 0.00000000 
421 12190.0000 0.00000005 
422 12200.0000 0.00000014 
423 12210.0000 0.00000000 
424 12220.0000 0.00000000 
425 12230.0000 0.00000075 
426 12240.0000 0.00000197 
427 12250.0000 0.00000000 
428 12260.0000 0.00000000 
429 12270.0000 0.00001172 
430 12280.0000 0.00004673 
431 12290.0000 0.00005084 
432 12300.0000 0.00001767 
433 12310.0000 0.00000000 
434 12320.0000 0.00000000 
435 12330.0000 0.00000173 
436 12340.0000 0.00000112 
437 12350.0000 0.00000000 
438 12360.0000 0.00000000 
439 12370.0000 0.00000013 
440 12380.0000 0.00000008 
441 12390.0000 0.00000000 
442 12400.0000 0.00000000 
443 12410.0000 0.00000001 
444 12420.0000 0.00000001 
445 12430.0000 0.00000000 
446 12440.0000 0.00000000 
447 12450.0000 0.00000000 
448 12460.0000 0.00000000 
449 12470.0000 0.00000000 
450 12480.0000 0.00000000 
451 12490.0000 0.00000000 
452 12500.0000 0.00000000 
453 12510.0000 0.00000000 
454 12520.0000 0.00000000 
455 12530.0000 0.00000000 
456 12540.0000 0.00000000 
457 12550.0000 0.00000000 
458 12560.0000 0.00000000 
459 12570.0000 0.00000000 
460 12580.0000 0.00000000 
461 12590.0000 0.00000000 
462 12600.0000 0.00000000 
463 12610.0000 0.00000000 
464 12620.0000 0.00000000 
465 12630.0000 0.00000000 
466 12640.0000 0.00000000 
467 12650.0000 0.00000000 
468 12660.0000 0.00000000 
469 12670.0000 0.00000000 
470 12680.0000 0.00000000 
471 12690.0000 0.00000000 
472 12700.0000 0.00000000 
473 12710.0000 0.00000000 
474 12720.0000 0.00000000 
475 12730.0000 0.00000000 
476 12740.0000 0.00000000 
477 12750.0000 0.00000006 
478 12760.0000 0.00000006 
479 12770.0000 0.00000000 
480 12780.0000 0.00000000 
481 12790.0000 0.00000091 
482 12800.0000 0.00000079 
483 12810.0000 0.00000000 
484 12820.0000 0.00000000 
485 12830.0000 0.00001487 
486 12840.0000 0.00003345 
487 12850.0000 0.00002593 
488 12860.0000 0.00000390 
489 12870.0000 0.00000000 
490 12880.0000 0.00000000 
491 12890.0000 0.00000126 
492 12900.0000 0.00000025 
493 12910.0000 0.00000000 
494 12920.0000 0.00000000 
495 12930.0000 0.00000009 
496 12940.0000 0.00000002 
497 12950.0000 0.00000000 
498 12960.0000 0.00000000 
499 12970.0000 0.00000001 
500 12980.0000 0.00000000 
501 12990.0000 0.00000000 
502 13000.0000 0.00000000 
503 13010.0000 0.00000000 
504 13020.0000 0.00000000 
505 13030.0000 0.00000000 
506 13040.0000 0.00000000 
507 13050.0000 0.00000002 
508 13060.0000 0.00000001 
509 13070.0000 0.00000000 
510 13080.0000 0.00000000 
511 13090.0000 0.00000026 
512 13100.0000 0.00000008 
513 13110.0000 0.00000000 
514 13120.0000 0.00000000 
515 13130.0000 0.00000458 
516 13140.0000 0.00000828 
517 13150.0000 0.00000532 
518 13160.0000 0.00000020 
519 13170.0000 0.00000000 
520 13180.0000 0.00000000 
521 13190.0000 0.00000029 
522 13200.0000 0.00000001 
523 13210.0000 0.00000000 
524 13220.0000 0.00000000 
525 13230.0000 0.00000001 
526 13240.0000 0.00000000 
527 13250.0000 0.00000002 
528 13260.0000 0.00000000 
529 13270.0000 0.00000000 
530 13280.0000 0.00000001 
531 13290.0000 0.00000040 
532 13300.0000 0.00000000 
533 13310.0000 0.00000000 
534 13320.0000 0.00000019 
535 13330.0000 0.00000723 
536 13340.0000 0.00001123 
537 13350.0000 0.00000586 
538 13360.0000 0.00000000 
539 13370.0000 0.00000110 
540 13380.0000 0.00000473 
541 13390.0000 0.00000460 
542 13400.0000 0.00000000 
543 13410.0000 0.00000000 
544 13420.0000 0.00000221 
545 13430.0000 0.00003310 
546 13440.0000 0.00004892 
547 13450.0000 0.00002567 
548 13460.0000 0.00000000 
549 13470.0000 0.00000000 
550 13480.0000 0.00000062 
551 13490.0000 0.00000132 
552 13500.0000 0.00000000 
553 13510.0000 0.00000030 
554 13520.0000 0.00000000 
555 13530.0000 0.00000000 
556 13540.0000 0.00000152 
557 13550.0000 0.00001376 
558 13560.0000 0.00001900 
559 13570.0000 0.00000917 
560 13580.0000 0.00000000 
561 13590.0000 0.00000000 
562 13600.0000 0.00000036 
563 13610.0000 0.00000056 
564 13620.0000 0.00000000 
565 13630.0000 0.00000000 
566 13640.0000 0.00000004 
567 13650.0000 0.00000009 
568 13660.0000 0.00000000 
569 13670.0000 0.00000000 
570 13680.0000 0.00000018 
571 13690.0000 0.00000074 
572 13700.0000 0.00000000 
573 13710.0000 0.00000000 
574 13720.0000 0.00000275 
575 13730.0000 0.00001520 
576 13740.0000 0.00001738 
577 13750.0000 0.00000529 
578 13760.0000 0.00000076 
579 13770.0000 0.00001129 
580 13780.0000 0.00001621 
581 13790.0000 0.00000684 
582 13800.0000 0.00000000 
583 13810.0000 0.00000000 
584 13820.0000 0.00000048 
585 13830.0000 0.00000043 
586 13840.0000 0.00000000 
587 13850.0000 0.00000000 
588 13860.0000 0.00000004 
589 13870.0000 0.00000004 
590 13880.0000 0.00000000 
591 13890.0000 0.00000000 
592 13900.0000 0.00000006 
593 13910.0000 0.00000016 
594 13920.0000 0.00000000 
595 13930.0000 0.00000000 
596 13940.0000 0.00000097 
597 13950.0000 0.00000378 
598 13960.0000 0.00000408 
599 13970.0000 0.00000140 
600 13980.0000 0.00000000 
601 13990.0000 0.00000000 
602 14000.0000 0.00000014 
603 14010.0000 0.00000009 
604 14020.0000 0.00000000 
605 14030.0000 0.00000000 
606 14040.0000 0.00000001 
607 14050.0000 0.00000001 
608 14060.0000 0.00000000 
609 14070.0000 0.00000000 
610 14080.0000 0.00000002 
611 14090.0000 0.00000003 
612 14100.0000 0.00000000 
613 14110.0000 0.00000000 
614 14120.0000 0.00000022 
615 14130.0000 0.00000036 
616 14140.0000 0.00000000 
617 14150.0000 0.00000000 
618 14160.0000 0.00000338 
619 14170.0000 0.00001019 
620 14180.0000 0.00000960 
621 14190.0000 0.00000253 
622 14200.0000 0.00000000 
623 14210.0000 0.00000000 
624 14220.0000 0.00000004 
625 14230.0000 0.00000000 
626 14240.0000 0.00000125 
627 14250.0000 0.00000178 
628 14260.0000 0.00000000 
629 14270.0000 0.00000000 
630 14280.0000 0.00002158 
631 14290.0000 0.00005779 
632 14300.0000 0.00005056 
633 14310.0000 0.00001118 
634 14320.0000 0.00000000 
635 14330.0000 0.00000000 
636 14340.0000 0.00000412 
637 14350.0000 0.00000113 
638 14360.0000 0.00000000 
639 14370.0000 0.00000000 
640 14380.0000 0.00000025 
641 14390.0000 0.00000007 
642 14400.0000 0.00000000 
643 14410.0000 0.00000000 
644 14420.0000 0.00000002 
645 14430.0000 0.00000000 
646 14440.0000 0.00000000 
647 14450.0000 0.00000000 
648 14460.0000 0.00000000 
649 14470.0000 0.00000000 
650 14480.0000 0.00000000 
651 14490.0000 0.00000000 
652 14500.0000 0.00000000 
653 14510.0000 0.00000000 
654 14520.0000 0.00000000 
655 14530.0000 0.00000000 
656 14540.0000 0.00000000 
657 14550.0000 0.00000000 
658 14560.0000 0.00000004 
659 14570.0000 0.00000002 
660 14580.0000 0.00000000 
661 14590.0000 0.00000000 
662 14600.0000 0.00000055 
663 14610.0000 0.00000031 
664 14620.0000 0.00000000 
665 14630.0000 0.00000000 
666 14640.0000 0.00000919 
667 14650.0000 0.00001841 
668 14660.0000 0.00001298 
669 14670.0000 0.00000121 
670 14680.0000 0.00000000 
671 14690.0000 0.00000000 
672 14700.0000 0.00000068 
673 14710.0000 0.00000007 
674 14720.0000 0.00000000 
675 14730.0000 0.00000000 
676 14740.0000 0.00000010 
677 14750.0000 0.00000002 
678 14760.0000 0.00000000 
679 14770.0000 0.00000000 
680 14780.0000 0.00000071 
681 14790.0000 0.00000016 
682 14800.0000 0.00000000 
683 14810.0000 0.00000000 
684 14820.0000 0.00001235 
685 14830.0000 0.00002186 
686 14840.0000 0.00001379 
687 14850.0000 0.00000033 
688 14860.0000 0.00000000 
689 14870.0000 0.00000000 
690 14880.0000 0.00000149 
691 14890.0000 0.00000004 
692 14900.0000 0.00000000 
693 14910.0000 0.00000000 
694 14920.0000 0.00001326 
695 14930.0000 0.00002186 
696 14940.0000 0.00001287 
697 14950.0000 0.00000000 
698 14960.0000 0.00000000 
699 14970.0000 0.00000009 
700 14980.0000 0.00000095 
701 14990.0000 0.00000000 
702 15000.0000 0.00000000 
703 15010.0000 0.00000018 
704 15020.0000 0.00000423 
705 15030.0000 0.00000648 
706 15040.0000 0.00000356 
707 15050.0000 0.00000000 
708 15060.0000 0.00000000 
709 15070.0000 0.00000006 
710 15080.0000 0.00000021 
711 15090.0000 0.00000000 
712 15100.0000 0.00000000 
713 15110.0000 0.00000001 
714 15120.0000 0.00000001 
715 15130.0000 0.00000000 
716 15140.0000 0.00000000 
717 15150.0000 0.00000000 
718 15160.0000 0.00000000 
719 15170.0000 0.00000000 
720 15180.0000 0.00000000 
721 15190.0000 0.00000000 
722 15200.0000 0.00000000 
723 15210.0000 0.00000000 
724 15220.0000 0.00000001 
725 15230.0000 0.00000000 
726 15240.0000 0.00000000 
727 15250.0000 0.00000003 
728 15260.0000 0.00000016 
729 15270.0000 0.00000000 
730 15280.0000 0.00000000 
731 15290.0000 0.00000048 
732 15300.0000 0.00000325 
733 15310.0000 0.00000392 
734 15320.0000 0.00000129 
735 15330.0000 0.00000013 
736 15340.0000 0.00000155 
737 15350.0000 0.00000000 
738 15360.0000 0.00000000 
739 15370.0000 0.00000727 
740 15380.0000 0.00004170 
741 15390.0000 0.00005168 
742 15400.0000 0.00002178 
743 15410.0000 0.00000000 
744 15420.0000 0.00000000 
745 15430.0000 0.00000136 
746 15440.0000 0.00000134 
747 15450.0000 0.00000000 
748 15460.0000 0.00000000 
749 15470.0000 0.00000007 
750 15480.0000 0.00000000 
751 15490.0000 0.00000009 
752 15500.0000 0.00000033 
753 15510.0000 0.00000000 
754 15520.0000 0.00000000 
755 15530.0000 0.00000191 
756 15540.0000 0.00000823 
757 15550.0000 0.00000924 
758 15560.0000 0.00000338 
759 15570.0000 0.00000000 
760 15580.0000 0.00000000 
761 15590.0000 0.00000030 
762 15600.0000 0.00000021 
763 15610.0000 0.00000000 
764 15620.0000 0.00000000 
765 15630.0000 0.00000002 
766 15640.0000 0.00000001 
767 15650.0000 0.00000000 
768 15660.0000 0.00000000 
769 15670.0000 0.00000000 
770 15680.0000 0.00000000 
771 15690.0000 0.00000000 
772 15700.0000 0.00000000 
773 15710.0000 0.00000000 
774 15720.0000 0.00000001 
775 15730.0000 0.00000000 
776 15740.0000 0.00000000 
777 15750.0000 0.00000004 
778 15760.0000 0.00000007 
779 15770.0000 0.00000000 
780 15780.0000 0.00000000 
781 15790.0000 0.00000056 
782 15800.0000 0.00000092 
783 15810.0000 0.00000000 
784 15820.0000 0.00000000 
785 15830.0000 0.00000877 
786 15840.0000 0.00002609 
787 15850.0000 0.00002447 
788 15860.0000 0.00000642 
789 15870.0000 0.00000000 
790 15880.0000 0.00000000 
791 15890.0000 0.00000101 
792 15900.0000 0.00000041 
793 15910.0000 0.00000000 
794 15920.0000 0.00000000 
795 15930.0000 0.00000007 
796 15940.0000 0.00000003 
797 15950.0000 0.00000000 
798 15960.0000 0.00000000 
799 15970.0000 0.00000001 
800 15980.0000 0.00000000 
801 15990.0000 0.00000000 
802 16000.0000 0.00000000 
803 16010.0000 0.00000000 
804 16020.0000 0.00000000 
805 16030.0000 0.00000000 
806 16040.0000 0.00000000 
807 16050.0000 0.00000000 
808 16060.0000 0.00000000 
809 16070.0000 0.00000000 
810 16080.0000 0.00000000 
811 16090.0000 0.00000000 
812 16100.0000 0.00000000 
813 16110.0000 0.00000004 
814 16120.0000 0.00000003 
815 16130.0000 0.00000000 
816 16140.0000 0.00000000 
817 16150.0000 0.00000057 
818 16160.0000 0.00000044 
819 16170.0000 0.00000000 
820 16180.0000 0.00000000 
821 16190.0000 0.00000938 
822 16200.0000 0.00002032 
823 16210.0000 0.00001521 
824 16220.0000 0.00000199 
825 16230.0000 0.00000000 
826 16240.0000 0.00000000 
827 16250.0000 0.00000000 
828 16260.0000 0.00000000 
829 16270.0000 0.00000511 
830 16280.0000 0.00001082 
831 16290.0000 0.00000784 
832 16300.0000 0.00000082 
833 16310.0000 0.00000000 
834 16320.0000 0.00000000 
835 16330.0000 0.00000052 
836 16340.0000 0.00000010 
837 16350.0000 0.00000000 
838 16360.0000 0.00000000 
839 16370.0000 0.00000167 
840 16380.0000 0.00000058 
841 16390.0000 0.00000000 
842 16400.0000 0.00000000 
843 16410.0000 0.00002822 
844 16420.0000 0.00005289 
845 16430.0000 0.00003645 
846 16440.0000 0.00000214 
847 16450.0000 0.00000000 
848 16460.0000 0.00000000 
849 16470.0000 0.00003093 
850 16480.0000 0.00005169 
851 16490.0000 0.00003208 
852 16500.0000 0.00000085 
853 16510.0000 0.00000000 
854 16520.0000 0.00000000 
855 16530.0000 0.00000175 
856 16540.0000 0.00000002 
857 16550.0000 0.00000000 
858 16560.0000 0.00000000 
859 16570.0000 0.00000012 
860 16580.0000 0.00000000 
861 16590.0000 0.00000000 
862 16600.0000 0.00000000 
863 16610.0000 0.00000001 
864 16620.0000 0.00000000 
865 16630.0000 0.00000001 
866 16640.0000 0.00000000 
867 16650.0000 0.00000000 
868 16660.0000 0.00000001 
869 16670.0000 0.00000012 
870 16680.0000 0.00000000 
871 16690.0000 0.00000000 
872 16700.0000 0.00000012 
873 16710.0000 0.00000167 
874 16720.0000 0.00000000 
875 16730.0000 0.00000000 
876 16740.0000 0.00000214 
877 16750.0000 0.00003155 
878 16760.0000 0.00004736 
879 16770.0000 0.00002654 
880 16780.0000 0.00000048 
881 16790.0000 0.00000000 
882 16800.0000 0.00000050 
883 16810.0000 0.00000115 
884 16820.0000 0.00000000 
885 16830.0000 0.00000000 
886 16840.0000 0.00000004 
887 16850.0000 0.00000008 
888 16860.0000 0.00000000 
889 16870.0000 0.00000000 
890 16880.0000 0.00000000 
891 16890.0000 0.00000001 
892 16900.0000 0.00000000 
893 16910.0000 0.00000000 
894 16920.0000 0.00000000 
895 16930.0000 0.00000000 
896 16940.0000 0.00000000 
897 16950.0000 0.00000000 
898 16960.0000 0.00000000 
899 16970.0000 0.00000000 
900 16980.0000 0.00000000 
901 16990.0000 0.00000000 
902 17000.0000 0.00000000 
903 17010.0000 0.00000000 
904 17020.0000 0.00000000 
905 17030.0000 0.00000000 
906 17040.0000 0.00000000 
907 17050.0000 0.00000000 
908 17060.0000 0.00000000 
909 17070.0000 0.00000000 
910 17080.0000 0.00000000 
911 17090.0000 0.00000000 
912 17100.0000 0.00000000 
913 17110.0000 0.00000000 
914 17120.0000 0.00000000 
915 17130.0000 0.00000000 
916 17140.0000 0.00000000 
917 17150.0000 0.00000000 
918 17160.0000 0.00000000 
919 17170.0000 0.00000000 
920 17180.0000 0.00000000 
921 17190.0000 0.00000000 
922 17200.0000 0.00000000 
923 17210.0000 0.00000000 
924 17220.0000 0.00000000 
925 17230.0000 0.00000000 
926 17240.0000 0.00000000 
927 17250.0000 0.00000000 
928 17260.0000 0.00000000 
929 17270.0000 0.00000000 
930 17280.0000 0.00000000 
931 17290.0000 0.00000000 
932 17300.0000 0.00000000 
933 17310.0000 0.00000000 
934 17320.0000 0.00000002 
935 17330.0000 0.00000005 
936 17340.0000 0.00000000 
937 17350.0000 0.00000000 
938 17360.0000 0.00000036 
939 17370.0000 0.00000069 
940 17380.0000 0.00000000 
941 17390.0000 0.00000000 
942 17400.0000 0.00000559 
943 17410.0000 0.00001858 
944 17420.0000 0.00001957 
945 17430.0000 0.00000691 
946 17440.0000 0.00000000 
947 17450.0000 0.00000000 
948 17460.0000 0.00001374 
949 17470.0000 0.00004015 
950 17480.0000 0.00003773 
951 17490.0000 0.00001021 
952 17500.0000 0.00000000 
953 17510.0000 0.00000000 
954 17520.0000 0.00000153 
955 17530.0000 0.00000066 
956 17540.0000 0.00000000 
957 17550.0000 0.00000000 
958 17560.0000 0.00000011 
959 17570.0000 0.00000004 
960 17580.0000 0.00000000 
961 17590.0000 0.00000000 
962 17600.0000 0.00000001 
963 17610.0000 0.00000000 
964 17620.0000 0.00000000 
965 17630.0000 0.00000000 
966 17640.0000 0.00000000 
967 17650.0000 0.00000000 
968 17660.0000 0.00000000 
969 17670.0000 0.00000000 
970 17680.0000 0.00000001 
971 17690.0000 0.00000001 
972 17700.0000 0.00000000 
973 17710.0000 0.00000000 
974 17720.0000 0.00000011 
975 17730.0000 0.00000010 
976 17740.0000 0.00000000 
977 17750.0000 0.00000000 
978 17760.0000 0.00000158 
979 17770.0000 0.00000137 
980 17780.0000 0.00000000 
981 17790.0000 0.00000000 
982 17800.0000 0.00002578 
983 17810.0000 0.00005750 
984 17820.0000 0.00004316 
985 17830.0000 0.00000578 
986 17840.0000 0.00000000 
987 17850.0000 0.00000984 
988 17860.0000 0.00001084 
989 17870.0000 0.00000159 
990 17880.0000 0.00000000 
991 17890.0000 0.00000000 
992 17900.0000 0.00000034 
993 17910.0000 0.00000000 
994 17920.0000 0.00000076 
995 17930.0000 0.00000048 
996 17940.0000 0.00000000 
997 17950.0000 0.00000000 
998 17960.0000 0.00001556 
999 17970.0000 0.00003222 
1000 17980.0000 0.00002629 
1001 17990.0000 0.00000856 
1002 18000.0000 0.00000000 
1003 18010.0000 0.00000000 
1004 18020.0000 0.00000310 
1005 18030.0000 0.00000601 
1006 18040.0000 0.00000599 
1007 18050.0000 0.00000392 
1008 18060.0000 0.00000163 
1009 18070.0000 0.00000008 
1010 18080.0000 0.00000000 
1011 18090.0000 0.00000000 
1012 18100.0000 0.00000007 
1013 18110.0000 0.00000000 
1014 18120.0000 0.00000000 
1015 18130.0000 0.00000000 
1016 18140.0000 0.00000000 
1017 18150.0000 0.00000000 
1018 18160.0000 0.00000000 
1019 18170.0000 0.00000000 
1020 18180.0000 0.00000000 
1021 18190.0000 0.00000000 
1022 18200.0000 0.00000004 
1023 18210.0000 0.00000000 
1024 18220.0000 0.00000000 
1025 18230.0000 0.00000000 
1026 18240.0000 0.00000060 
1027 18250.0000 0.00000000 
1028 18260.0000 0.00000000 
1029 18270.0000 0.00000020 
1030 18280.0000 0.00001090 
1031 18290.0000 0.00001749 
1032 18300.0000 0.00000998 
1033 18310.0000 0.00000000 
1034 18320.0000 0.00000000 
1035 18330.0000 0.00000011 
1036 18340.0000 0.00000057 
1037 18350.0000 0.00000000 
1038 18360.0000 0.00000000 
1039 18370.0000 0.00000001 
1040 18380.0000 0.00000004 
1041 18390.0000 0.00000000 
1042 18400.0000 0.00000000 
1043 18410.0000 0.00000000 
1044 18420.0000 0.00000000 
1045 18430.0000 0.00000000 
1046 18440.0000 0.00000000 
1047 18450.0000 0.00000000 
1048 18460.0000 0.00000000 
1049 18470.0000 0.00000000 
1050 18480.0000 0.00000000 
1051 18490.0000 0.00000000 
1052 18500.0000 0.00000002 
1053 18510.0000 0.00000000 
1054 18520.0000 0.00000000 
1055 18530.0000 0.00000005 
1056 18540.0000 0.00000033 
1057 18550.0000 0.00000000 
1058 18560.0000 0.00000000 
1059 18570.0000 0.00000089 
1060 18580.0000 0.00000764 
1061 18590.0000 0.00001490 
1062 18600.0000 0.00001839 
1063 18610.0000 0.00001515 
1064 18620.0000 0.00000596 
1065 18630.0000 0.00000000 
1066 18640.0000 0.00000000 
1067 18650.0000 0.00000036 
1068 18660.0000 0.00000087 
1069 18670.0000 0.00000098 
1070 18680.0000 0.00000129 
1071 18690.0000 0.00000120 
1072 18700.0000 0.00000048 
1073 18710.0000 0.00000000 
1074 18720.0000 0.00000000 
1075 18730.0000 0.00000008 
1076 18740.0000 0.00000022 
1077 18750.0000 0.00000000 
1078 18760.0000 0.00000000 
1079 18770.0000 0.00000083 
1080 18780.0000 0.00000261 
1081 18790.0000 0.00000000 
1082 18800.0000 0.00000000 
1083 18810.0000 0.00001294 
1084 18820.0000 0.00006030 
1085 18830.0000 0.00007587 
1086 18840.0000 0.00004444 
1087 18850.0000 0.00001515 
1088 18860.0000 0.00000962 
1089 18870.0000 0.00000489 
1090 18880.0000 0.00000000 
1091 18890.0000 0.00000875 
1092 18900.0000 0.00004156 
1093 18910.0000 0.00006187 
1094 18920.0000 0.00006440 
1095 18930.0000 0.00008077 
1096 18940.0000 0.00011092 
1097 18950.0000 0.00011458 
1098 18960.0000 0.00009042 
1099 18970.0000 0.00008501 
1100 18980.0000 0.00011315 
1101 18990.0000 0.00015046 
1102 19000.0000 0.00018138 
1103 19010.0000 0.00020288 
1104 19020.0000 0.00022022 
1105 19030.0000 0.00024674 
1106 19040.0000 0.00029027 
1107 19050.0000 0.00035196 
1108 19060.0000 0.00042045 
1109 19070.0000 0.00047364 
1110 19080.0000 0.00052468 
1111 19090.0000 0.00061894 
1112 19100.0000 0.00074354 
1113 19110.0000 0.00083289 
1114 19120.0000 0.00089829 
1115 19130.0000 0.00101975 
1116 19140.0000 0.00120250 
1117 19150.0000 0.00138553 
1118 19160.0000 0.00155568 
1119 19170.0000 0.00174188 
1120 19180.0000 0.00195163 
1121 19190.0000 0.00217383 
1122 19200.0000 0.00240542 
1123 19210.0000 0.00264988 
1124 19220.0000 0.00290378 
1125 19230.0000 0.00315867 
1126 19240.0000 0.00341454 
1127 19250.0000 0.00367759 
1128 19260.0000 0.00394980 
1129 19270.0000 0.00422946 
1130 19280.0000 0.00450806 
1131 19290.0000 0.00477387 
1132 19300.0000 0.00503444 
1133 19310.0000 0.00530971 
1134 19320.0000 0.00560673 
1135 19330.0000 0.00592315 
1136 19340.0000 0.00624950 
1137 19350.0000 0.00657431 
1138 19360.0000 0.00691444 
1139 19370.0000 0.00730013 
1140 19380.0000 0.00771319 
1141 19390.0000 0.00811262 
1142 19400.0000 0.00852777 
1143 19410.0000 0.00902273 
1144 19420.0000 0.00959247 
1145 19430.0000 0.01019858 
1146 19440.0000 0.01086292 
1147 19450.0000 0.01163343 
1148 19460.0000 0.01249015 
1149 19470.0000 0.01338506 
1150 19480.0000 0.01434381 
1151 19490.0000 0.01542479 
1152 19500.0000 0.01663957 
1153 19510.0000 0.01798494 
1154 19520.0000 0.01952923 
1155 19530.0000 0.02136122 
1156 19540.0000 0.02345859 
1157 19550.0000 0.02575713 
1158 19560.0000 0.02826935 
1159 19570.0000 0.03104918 
1160 19580.0000 0.03419723 
1161 19590.0000 0.03782326 
1162 19600.0000 0.04195893 
1163 19610.0000 0.04661106 
1164 19620.0000 0.05184121 
1165 19630.0000 0.05774360 
1166 19640.0000 0.06447732 
1167 19650.0000 0.07220012 
1168 19660.0000 0.08090213 
1169 19670.0000 0.09057079 
1170 19680.0000 0.10155968 
1171 19690.0000 0.11425526 
1172 19700.0000 0.12845460 
1173 19710.0000 0.14383183 
1174 19720.0000 0.16054472 
1175 19730.0000 0.17886060 
1176 19740.0000 0.19874240 
1177 19750.0000 0.21999256 
1178 19760.0000 0.24210915 
1179 19770.0000 0.26455480 
1180 19780.0000 0.28710157 
1181 19790.0000 0.30958492 
1182 19800.0000 0.33168393 
1183 19810.0000 0.35310769 
1184 19820.0000 0.37391979 
1185 19830.0000 0.39406762 
1186 19840.0000 0.41252452 
1187 19850.0000 0.42837629 
1188 19860.0000 0.44235680 
1189 19870.0000 0.45538971 
1190 19880.0000 0.46734878 
1191 19890.0000 0.47797784 
1192 19900.0000 0.48758835 
1193 19910.0000 0.49655491 
1194 19920.0000 0.50494665 
1195 19930.0000 0.51279002 
1196 19940.0000 0.52022725 
1197 19950.0000 0.52744752 
1198 19960.0000 0.53471327 
1199 19970.0000 0.54217565 
1200 19980.0000 0.54954439 
1201 19990.0000 0.55658948 
1202 20000.0000 0.56360197 
1203 20010.0000 0.57087970 
1204 20020.0000 0.57839102 
1205 20030.0000 0.58597928 
1206 20040.0000 0.59330493 
1207 20050.0000 0.60017592 
1208 20060.0000 0.60695052 
1209 20070.0000 0.61386859 
1210 20080.0000 0.62052828 
1211 20090.0000 0.62660104 
1212 20100.0000 0.63229007 
1213 20110.0000 0.63775045 
1214 20120.0000 0.64275742 
1215 20130.0000 0.64711732 
1216 20140.0000 0.65088493 
1217 20150.0000 0.65416789 
1218 20160.0000 0.65710634 
1219 20170.0000 0.65971303 
1220 20180.0000 0.66167647 
1221 20190.0000 0.66287148 
1222 20200.0000 0.66372609 
1223 20210.0000 0.66455001 
1224 20220.0000 0.66519910 
1225 20230.0000 0.66550726 
1226 20240.0000 0.66539907 
1227 20250.0000 0.66492915 
1228 20260.0000 0.66440427 
1229 20270.0000 0.66398776 
1230 20280.0000 0.66348135 
1231 20290.0000 0.66282654 
1232 20300.0000 0.66233003 
1233 20310.0000 0.66211134 
1234 20320.0000 0.66184539 
1235 20330.0000 0.66138840 
1236 20340.0000 0.66102952 
1237 20350.0000 0.66096830 
1238 20360.0000 0.66115659 
1239 20370.0000 0.66152537 
1240 20380.0000 0.66201502 
1241 20390.0000 0.66259331 
1242 20400.0000 0.66327232 
1243 20410.0000 0.66409492 
1244 20420.0000 0.66514456 
1245 20430.0000 0.66640258 
1246 20440.0000 0.66768295 
1247 20450.0000 0.66892380 
1248 20460.0000 0.67027473 
1249 20470.0000 0.67177153 
1250 20480.0000 0.67325473 
1251 20490.0000 0.67465955 
1252 20500.0000 0.67607927 
1253 20510.0000 0.67758811 
1254 20520.0000 0.67921287 
1255 20530.0000 0.68086183 
1256 20540.0000 0.68229157 
1257 20550.0000 0.68347853 
1258 20560.0000 0.68469596 
1259 20570.0000 0.68600929 
1260 20580.0000 0.68719709 
1261 20590.0000 0.68813986 
1262 20600.0000 0.68886971 
1263 20610.0000 0.68950671 
1264 20620.0000 0.69025630 
1265 20630.0000 0.69106174 
1266 20640.0000 0.69156706 
1267 20650.0000 0.69171023 
1268 20660.0000 0.69177276 
1269 20670.0000 0.69191879 
1270 20680.0000 0.69215971 
1271 20690.0000 0.69238609 
1272 20700.0000 0.69237822 
1273 20710.0000 0.69215143 
1274 20720.0000 0.69195664 
1275 20730.0000 0.69184440 
1276 20740.0000 0.69166350 
1277 20750.0000 0.69141257 
1278 20760.0000 0.69123542 
1279 20770.0000 0.69112235 
1280 20780.0000 0.69092393 
1281 20790.0000 0.69064832 
1282 20800.0000 0.69044667 
1283 20810.0000 0.69039804 
1284 20820.0000 0.69050676 
1285 20830.0000 0.69065917 
1286 20840.0000 0.69066066 
1287 20850.0000 0.69059610 
1288 20860.0000 0.69076300 
1289 20870.0000 0.69116235 
1290 20880.0000 0.69156480 
1291 20890.0000 0.69189870 
1292 20900.0000 0.69222170 
1293 20910.0000 0.69263381 
1294 20920.0000 0.69325012 
1295 20930.0000 0.69399816 
1296 20940.0000 0.69468427 
1297 20950.0000 0.69530606 
1298 20960.0000 0.69599098 
1299 20970.0000 0.69679189 
1300 20980.0000 0.69770026 
1301 20990.0000 0.69860244 
1302 21000.0000 0.69933856 
1303 21010.0000 0.70000404 
1304 21020.0000 0.70083183 
1305 21030.0000 0.70177424 
1306 21040.0000 0.70262742 
1307 21050.0000 0.70337301 
1308 21060.0000 0.70409703 
1309 21070.0000 0.70480257 
1310 21080.0000 0.70544899 
1311 21090.0000 0.70603949 
1312 21100.0000 0.70660210 
1313 21110.0000 0.70715731 
1314 21120.0000 0.70771194 
1315 21130.0000 0.70818144 
1316 21140.0000 0.70845866 
1317 21150.0000 0.70864344 
1318 21160.0000 0.70891553 
1319 21170.0000 0.70924246 
1320 21180.0000 0.70949340 
1321 21190.0000 0.70958197 
1322 21200.0000 0.70946729 
1323 21210.0000 0.70928782 
1324 21220.0000 0.70922804 
1325 21230.0000 0.70920646 
1326 21240.0000 0.70904642 
1327 21250.0000 0.70873207 
1328 21260.0000 0.70832247 
1329 21270.0000 0.70791316 
1330 21280.0000 0.70759153 
1331 21290.0000 0.70729101 
1332 21300.0000 0.70691037 
1333 21310.0000 0.70651519 
1334 21320.0000 0.70620024 
1335 21330.0000 0.70584893 
1336 21340.0000 0.70531440 
1337 21350.0000 0.70473891 
1338 21360.0000 0.70431656 
1339 21370.0000 0.70394880 
1340 21380.0000 0.70347959 
1341 21390.0000 0.70299673 
1342 21400.0000 0.70263433 
1343 21410.0000 0.70234102 
1344 21420.0000 0.70202565 
1345 21430.0000 0.70170462 
1346 21440.0000 0.70141935 
1347 21450.0000 0.70117295 
1348 21460.0000 0.70096183 
1349 21470.0000 0.70080698 
1350 21480.0000 0.70072287 
1351 21490.0000 0.70066261 
1352 21500.0000 0.70059401 
1353 21510.0000 0.70062369 
1354 21520.0000 0.70083261 
1355 21530.0000 0.70103705 
1356 21540.0000 0.70107210 
1357 21550.0000 0.70113015 
1358 21560.0000 0.70141244 
1359 21570.0000 0.70180202 
1360 21580.0000 0.70213789 
1361 21590.0000 0.70238584 
1362 21600.0000 0.70258695 
1363 21610.0000 0.70294577 
1364 21620.0000 0.70359224 
1365 21630.0000 0.70426261 
1366 21640.0000 0.70473921 
1367 21650.0000 0.70525366 
1368 21660.0000 0.70598298 
1369 21670.0000 0.70661926 
1370 21680.0000 0.70694244 
1371 21690.0000 0.70732009 
1372 21700.0000 0.70805603 
1373 21710.0000 0.70890689 
1374 21720.0000 0.70961642 
1375 21730.0000 0.71019453 
1376 21740.0000 0.71070945 
1377 21750.0000 0.71125716 
1378 21760.0000 0.71187097 
1379 21770.0000 0.71239954 
1380 21780.0000 0.71276957 
1381 21790.0000 0.71319681 
1382 21800.0000 0.71379995 
1383 21810.0000 0.71432859 
1384 21820.0000 0.71460807 
1385 21830.0000 0.71479446 
1386 21840.0000 0.71505171 
1387 21850.0000 0.71544188 
1388 21860.0000 0.71593505 
1389 21870.0000 0.71632391 
1390 21880.0000 0.71648866 
1391 21890.0000 0.71656018 
1392 21900.0000 0.71668679 
1393 21910.0000 0.71698153 
1394 21920.0000 0.71741730 
1395 21930.0000 0.71768653 
1396 21940.0000 0.71770990 
1397 21950.0000 0.71793723 
1398 21960.0000 0.71851408 
1399 21970.0000 0.71886885 
1400 21980.0000 0.71878362 
1401 21990.0000 0.71886164 
1402 22000.0000 0.71938920 
1403 22010.0000 0.71990848 
1404 22020.0000 0.72014272 
1405 22030.0000 0.72027624 
1406 22040.0000 0.72046369 
1407 22050.0000 0.72072852 
1408 22060.0000 0.72105008 
1409 22070.0000 0.72135621 
1410 22080.0000 0.72160995 
1411 22090.0000 0.72183937 
1412 22100.0000 0.72206497 
1413 22110.0000 0.72228616 
1414 22120.0000 0.72246575 
1415 22130.0000 0.72251678 
1416 22140.0000 0.72249293 
1417 22150.0000 0.72265416 
1418 22160.0000 0.72302467 
1419 22170.0000 0.72327673 
1420 22180.0000 0.72331500 
1421 22190.0000 0.72339362 
1422 22200.0000 0.72363073 
1423 22210.0000 0.72392845 
1424 22220.0000 0.72416806 
1425 22230.0000 0.72422898 
1426 22240.0000 0.72420400 
1427 22250.0000 0.72443980 
1428 22260.0000 0.72490191 
1429 22270.0000 0.72509116 
1430 22280.0000 0.72496641 
1431 22290.0000 0.72504115 
1432 22300.0000 0.72543836 
1433 22310.0000 0.72581130 
1434 22320.0000 0.72602099 
1435 22330.0000 0.72618246 
1436 22340.0000 0.72635686 
1437 22350.0000 0.72653544 
1438 22360.0000 0.72674471 
1439 22370.0000 0.72704661 
1440 22380.0000 0.72738749 
1441 22390.0000 0.72760361 
1442 22400.0000 0.72768611 
1443 22410.0000 0.72777575 
1444 22420.0000 0.72792548 
1445 22430.0000 0.72809964 
1446 22440.0000 0.72827512 
1447 22450.0000 0.72844291 
1448 22460.0000 0.72859836 
1449 22470.0000 0.72873795 
1450 22480.0000 0.72883248 
1451 22490.0000 0.72883689 
1452 22500.0000 0.72881883 
1453 22510.0000 0.72892618 
1454 22520.0000 0.72909689 
1455 22530.0000 0.72911382 
1456 22540.0000 0.72898591 
1457 22550.0000 0.72888887 
1458 22560.0000 0.72882897 
1459 22570.0000 0.72869104 
1460 22580.0000 0.72849691 
1461 22590.0000 0.72836387 
1462 22600.0000 0.72831082 
1463 22610.0000 0.72828203 
1464 22620.0000 0.72817117 
1465 22630.0000 0.72785562 
1466 22640.0000 0.72742724 
1467 22650.0000 0.72709906 
1468 22660.0000 0.72683978 
1469 22670.0000 0.72647142 
1470 22680.0000 0.72594810 
1471 22690.0000 0.72530848 
1472 22700.0000 0.72459638 
1473 22710.0000 0.72385353 
1474 22720.0000 0.72307372 
1475 22730.0000 0.72221375 
1476 22740.0000 0.72114080 
1477 22750.0000 0.71970397 
1478 22760.0000 0.71805161 
1479 22770.0000 0.71643257 
1480 22780.0000 0.71452421 
1481 22790.0000 0.71179372 
1482 22800.0000 0.70851439 
1483 22810.0000 0.70526803 
1484 22820.0000 0.70176768 
1485 22830.0000 0.69738084 
1486 22840.0000 0.69216806 
1487 22850.0000 0.68646312 
1488 22860.0000 0.68013918 
1489 22870.0000 0.67289424 
1490 22880.0000 0.66470981 
1491 22890.0000 0.65567648 
1492 22900.0000 0.64574730 
1493 22910.0000 0.63484126 
1494 22920.0000 0.62305540 
1495 22930.0000 0.61049056 
1496 22940.0000 0.59678346 
1497 22950.0000 0.58149219 
1498 22960.0000 0.56487298 
1499 22970.0000 0.54742324 
1500 22980.0000 0.52944493 
1501 22990.0000 0.51113242 
1502 23000.0000 0.49248445 
1503 23010.0000 0.47343352 
1504 23020.0000 0.45394257 
1505 23030.0000 0.43404564 
1506 23040.0000 0.41410950 
1507 23050.0000 0.39450917 
1508 23060.0000 0.37506583 
1509 23070.0000 0.35552233 
1510 23080.0000 0.33614922 
1511 23090.0000 0.31730166 
1512 23100.0000 0.29892659 
1513 23110.0000 0.28093231 
1514 23120.0000 0.26363608 
1515 23130.0000 0.24738310 
1516 23140.0000 0.23209205 
1517 23150.0000 0.21756613 
1518 23160.0000 0.20363523 
1519 23170.0000 0.19021975 
1520 23180.0000 0.17759371 
1521 23190.0000 0.16601172 
1522 23200.0000 0.15526445 
1523 23210.0000 0.14510384 
1524 23220.0000 0.13559879 
1525 23230.0000 0.12684949 
1526 23240.0000 0.11877639 
1527 23250.0000 0.11124954 
1528 23260.0000 0.10411091 
1529 23270.0000 0.09726427 
1530 23280.0000 0.09085505 
1531 23290.0000 0.08500883 
1532 23300.0000 0.07959902 
1533 23310.0000 0.07448240 
1534 23320.0000 0.06963894 
1535 23330.0000 0.06509376 
1536 23340.0000 0.06093505 
1537 23350.0000 0.05719388 
1538 23360.0000 0.05368702 
1539 23370.0000 0.05026696 
1540 23380.0000 0.04701444 
1541 23390.0000 0.04402775 
1542 23400.0000 0.04133410 
1543 23410.0000 0.03892073 
1544 23420.0000 0.03669903 
1545 23430.0000 0.03458947 
1546 23440.0000 0.03257182 
1547 23450.0000 0.03064882 
1548 23460.0000 0.02885709 
1549 23470.0000 0.02721558 
1550 23480.0000 0.02568554 
1551 23490.0000 0.02423746 
1552 23500.0000 0.02288548 
1553 23510.0000 0.02164309 
1554 23520.0000 0.02050698 
1555 23530.0000 0.01945890 
1556 23540.0000 0.01845234 
1557 23550.0000 0.01746472 
1558 23560.0000 0.01653398 
1559 23570.0000 0.01568565 
1560 23580.0000 0.01490226 
1561 23590.0000 0.01416088 
1562 23600.0000 0.01343879 
1563 23610.0000 0.01273596 
1564 23620.0000 0.01209686 
1565 23630.0000 0.01153818 
1566 23640.0000 0.01101378 
1567 23650.0000 0.01049258 
1568 23660.0000 0.00998447 
1569 23670.0000 0.00949990 
1570 23680.0000 0.00904237 
1571 23690.0000 0.00861230 
1572 23700.0000 0.00820618 
1573 23710.0000 0.00782245 
1574 23720.0000 0.00746356 
1575 23730.0000 0.00712672 
1576 23740.0000 0.00680034 
1577 23750.0000 0.00648663 
1578 23760.0000 0.00621035 
1579 23770.0000 0.00596934 
1580 23780.0000 0.00571805 
1581 23790.0000 0.00544160 
1582 23800.0000 0.00517553 
1583 23810.0000 0.00494228 
1584 23820.0000 0.00473959 
1585 23830.0000 0.00455651 
1586 23840.0000 0.00437288 
1587 23850.0000 0.00417922 
1588 23860.0000 0.00398130 
1589 23870.0000 0.00378770 
1590 23880.0000 0.00360936 
1591 23890.0000 0.00345961 
1592 23900.0000 0.00335364 
1593 23910.0000 0.00327177 
1594 23920.0000 0.00315334 
1595 23930.0000 0.00298979 
1596 23940.0000 0.00283612 
1597 23950.0000 0.00271825 
1598 23960.0000 0.00262410 
1599 23970.0000 0.00252855 
1600 23980.0000 0.00239616 
1601 23990.0000 0.00224117 
1602 24000.0000 0.00212954 
1603 24010.0000 0.00207085 
1604 24020.0000 0.00201462 
1605 24030.0000 0.00194218 
1606 24040.0000 0.00186897 
1607 24050.0000 0.00179401 
1608 24060.0000 0.00170018 
1609 24070.0000 0.00159996 
1610 24080.0000 0.00153259 
1611 24090.0000 0.00149731 
1612 24100.0000 0.00145693 
1613 24110.0000 0.00139660 
1614 24120.0000 0.00132257 
1615 24130.0000 0.00123990 
1616 24140.0000 0.00115361 
1617 24150.0000 0.00109620 
1618 24160.0000 0.00111699 
1619 24170.0000 0.00116663 
1620 24180.0000 0.00112450 
1621 24190.0000 0.00100989 
1622 24200.0000 0.00094555 
1623 24210.0000 0.00093664 
1624 24220.0000 0.00090205 
1625 24230.0000 0.00083423 
1626 24240.0000 0.00077889 
1627 24250.0000 0.00074766 
1628 24260.0000 0.00072714 
1629 24270.0000 0.00070684 
1630 24280.0000 0.00067936 
1631 24290.0000 0.00064652 
1632 24300.0000 0.00061580 
1633 24310.0000 0.00058886 
1634 24320.0000 0.00056393 
1635 24330.0000 0.00054289 
1636 24340.0000 0.00052902 
1637 24350.0000 0.00051547 
1638 24360.0000 0.00049112 
1639 24370.0000 0.00046445 
1640 24380.0000 0.00045303 
1641 24390.0000 0.00044934 
1642 24400.0000 0.00043365 
1643 24410.0000 0.00040618 
1644 24420.0000 0.00037703 
1645 24430.0000 0.00034488 
1646 24440.0000 0.00030504 
1647 24450.0000 0.00027734 
1648 24460.0000 0.00028819 
1649 24470.0000 0.00031261 
1650 24480.0000 0.00030645 
1651 24490.0000 0.00027790 
1652 24500.0000 0.00025719 
1653 24510.0000 0.00024880 
1654 24520.0000 0.00024519 
1655 24530.0000 0.00023948 
1656 24540.0000 0.00022755 
1657 24550.0000 0.00022298 
1658 24560.0000 0.00024060 
1659 24570.0000 0.00025029 
1660 24580.0000 0.00021358 
1661 24590.0000 0.00016252 
1662 24600.0000 0.00014635 
1663 24610.0000 0.00013942 
1664 24620.0000 0.00010149 
1665 24630.0000 0.00008495 
1666 24640.0000 0.00015511 
1667 24650.0000 0.00024420 
1668 24660.0000 0.00025555 
1669 24670.0000 0.00020778 
1670 24680.0000 0.00015461 
1671 24690.0000 0.00011711 
1672 24700.0000 0.00010233 
1673 24710.0000 0.00010259 
1674 24720.0000 0.00010594 
1675 24730.0000 0.00010344 
1676 24740.0000 0.00008980 
1677 24750.0000 0.00007308 
1678 24760.0000 0.00006452 
1679 24770.0000 0.00007083 
1680 24780.0000 0.00009312 
1681 24790.0000 0.00011284 
1682 24800.0000 0.00011150 
1683 24810.0000 0.00009606 
1684 24820.0000 0.00007820 
1685 24830.0000 0.00005947 
1686 24840.0000 0.00004210 
1687 24850.0000 0.00004235 
1688 24860.0000 0.00006857 
1689 24870.0000 0.00008338 
1690 24880.0000 0.00005666 
1691 24890.0000 0.00003002 
1692 24900.0000 0.00004512 
1693 24910.0000 0.00007997 
1694 24920.0000 0.00010115 
1695 24930.0000 0.00008725 
1696 24940.0000 0.00003566 
1697 24950.0000 0.00000000 
1698 24960.0000 0.00001793 
1699 24970.0000 0.00004495 
1700 24980.0000 0.00003669 
1701 24990.0000 0.00001415 
1702 25000.0000 0.00000433 
1703 25010.0000 0.00001264 
1704 25020.0000 0.00003513 
1705 25030.0000 0.00005236 
1706 25040.0000 0.00005017 
1707 25050.0000 0.00003795 
1708 25060.0000 0.00002711 
1709 25070.0000 0.00002280 
1710 25080.0000 0.00002669 
1711 25090.0000 0.00003386 
1712 25100.0000 0.00003768 
1713 25110.0000 0.00002986 
1714 25120.0000 0.00001027 
1715 25130.0000 0.00000000 
1716 25140.0000 0.00001176 
1717 25150.0000 0.00003124 
1718 25160.0000 0.00004317 
1719 25170.0000 0.00004069 
1720 25180.0000 0.00002543 
1721 25190.0000 0.00001563 
1722 25200.0000 0.00001993 
1723 25210.0000 0.00002091 
1724 25220.0000 0.00000900 
1725 25230.0000 0.00000000 
1726 25240.0000 0.00000000 
1727 25250.0000 0.00000000 
1728 25260.0000 0.00000000 
1729 25270.0000 0.00000476 
1730 25280.0000 0.00001973 
1731 25290.0000 0.00002074 
1732 25300.0000 0.00000379 
1733 25310.0000 0.00000375 
1734 25320.0000 0.00002998 
1735 25330.0000 0.00003852 
1736 25340.0000 0.00001387 
1737 25350.0000 0.00000000 
1738 25360.0000 0.00001369 
1739 25370.0000 0.00002242 
1740 25380.0000 0.00000975 
1741 25390.0000 0.00000000 
1742 25400.0000 0.00000000 
1743 25410.0000 0.00000069 
1744 25420.0000 0.00000067 
1745 25430.0000 0.00000000 
1746 25440.0000 0.00000000 
1747 25450.0000 0.00000036 
1748 25460.0000 0.00000140 
1749 25470.0000 0.00000150 
1750 25480.0000 0.00000052 
1751 25490.0000 0.00000000 
1752 25500.0000 0.00000002 
1753 25510.0000 0.00000000 
1754 25520.0000 0.00000000 
1755 25530.0000 0.00000089 
1756 25540.0000 0.00000374 
1757 25550.0000 0.00000477 
1758 25560.0000 0.00000248 
1759 25570.0000 0.00000000 
1760 25580.0000 0.00000000 
1761 25590.0000 0.00000674 
1762 25600.0000 0.00002414 
1763 25610.0000 0.00002512 
1764 25620.0000 0.00000819 
1765 25630.0000 0.00000000 
1766 25640.0000 0.00000000 
1767 25650.0000 0.00000132 
1768 25660.0000 0.00000130 
1769 25670.0000 0.00000000 
1770 25680.0000 0.00000000 
1771 25690.0000 0.00000651 
1772 25700.0000 0.00002093 
1773 25710.0000 0.00002056 
1774 25720.0000 0.00000599 
1775 25730.0000 0.00000000 
1776 25740.0000 0.00000000 
1777 25750.0000 0.00000119 
1778 25760.0000 0.00000100 
1779 25770.0000 0.00000000 
1780 25780.0000 0.00000000 
1781 25790.0000 0.00000622 
1782 25800.0000 0.00001791 
1783 25810.0000 0.00001639 
1784 25820.0000 0.00000405 
1785 25830.0000 0.00000000 
1786 25840.0000 0.00000000 
1787 25850.0000 0.00000000 
1788 25860.0000 0.00000000 
1789 25870.0000 0.00000646 
1790 25880.0000 0.00001775 
1791 25890.0000 0.00001540 
1792 25900.0000 0.00000323 
1793 25910.0000 0.00000000 
1794 25920.0000 0.00000036 
1795 25930.0000 0.00000000 
1796 25940.0000 0.00000000 
1797 25950.0000 0.00001700 
1798 25960.0000 0.00004305 
1799 25970.0000 0.00003628 
1800 25980.0000 0.00000722 
1801 25990.0000 0.00000000 
1802 26000.0000 0.00000000 
