1 37220.0 0.000000 
2 37224.9 0.001201 
3 37251.6 0.001099 
4 37278.4 0.001117 
5 37305.2 0.001213 
6 37332.1 0.001211 
7 37359.0 0.001253 
8 37385.9 0.001231 
9 37412.9 0.001209 
10 37439.9 0.001237 
11 37466.9 0.001197 
12 37494.0 0.001128 
13 37521.2 0.001091 
14 37548.3 0.001037 
15 37575.5 0.000956 
16 37602.8 0.000858 
17 37630.1 0.000717 
18 37657.4 0.000602 
19 37684.8 0.000578 
20 37712.2 0.000587 
21 37739.6 0.000474 
22 37767.1 0.000377 
23 37794.6 0.000317 
24 37822.2 0.000233 
25 37849.8 0.000230 
26 37877.5 0.000157 
27 37905.1 0.000228 
28 37932.9 0.000424 
29 37960.6 0.000474 
30 37988.4 0.000563 
31 38016.3 0.000633 
32 38044.2 0.000451 
33 38072.1 0.000464 
34 38100.1 0.000850 
35 38128.1 0.000942 
36 38156.2 0.000812 
37 38184.3 0.001039 
38 38212.4 0.001136 
39 38240.6 0.001040 
40 38268.8 0.001322 
41 38297.1 0.001361 
42 38325.4 0.001194 
43 38353.7 0.001184 
44 38382.1 0.001108 
45 38410.5 0.001127 
46 38439.0 0.001191 
47 38467.5 0.001142 
48 38496.1 0.001138 
49 38524.7 0.000946 
50 38553.3 0.000972 
51 38582.0 0.001021 
52 38610.7 0.000773 
53 38639.5 0.000693 
54 38668.3 0.000647 
55 38697.2 0.000523 
56 38726.1 0.000451 
57 38755.0 0.000366 
58 38784.0 0.000398 
59 38813.0 0.000391 
60 38842.1 0.000223 
61 38871.2 0.000226 
62 38900.4 0.000307 
63 38929.6 0.000401 
64 38958.9 0.000664 
65 38988.1 0.001206 
66 39017.5 0.001624 
67 39046.9 0.001920 
68 39076.3 0.002697 
69 39105.8 0.003559 
70 39135.3 0.004236 
71 39164.8 0.005163 
72 39194.4 0.006273 
73 39224.1 0.007327 
74 39253.8 0.008786 
75 39283.5 0.010680 
76 39313.3 0.012370 
77 39343.1 0.014320 
78 39373.0 0.016680 
79 39402.9 0.019370 
80 39432.9 0.022320 
81 39462.9 0.025810 
82 39492.9 0.029940 
83 39523.0 0.034790 
84 39553.2 0.040240 
85 39583.4 0.046900 
86 39613.6 0.054810 
87 39643.9 0.063810 
88 39674.2 0.074360 
89 39704.6 0.086690 
90 39735.0 0.101000 
91 39765.5 0.117500 
92 39796.0 0.135800 
93 39826.6 0.157300 
94 39857.2 0.179300 
95 39887.9 0.202300 
96 39918.6 0.228100 
97 39949.3 0.252200 
98 39980.1 0.277500 
99 40011.0 0.300400 
100 40041.9 0.320700 
101 40072.8 0.339000 
102 40103.8 0.355000 
103 40134.9 0.366900 
104 40165.9 0.375500 
105 40197.1 0.380500 
106 40228.3 0.383700 
107 40259.5 0.385400 
108 40290.8 0.384600 
109 40322.1 0.382400 
110 40353.5 0.379800 
111 40384.9 0.378100 
112 40416.4 0.374300 
113 40447.9 0.369500 
114 40479.5 0.365700 
115 40511.1 0.360700 
116 40542.8 0.356800 
117 40574.5 0.353100 
118 40606.3 0.348800 
119 40638.1 0.344300 
120 40670.0 0.340200 
121 40701.9 0.336700 
122 40733.9 0.333700 
123 40765.9 0.330800 
124 40798.0 0.328300 
125 40830.1 0.326800 
126 40862.3 0.326200 
127 40894.5 0.325400 
128 40926.8 0.324900 
129 40959.1 0.325100 
130 40991.5 0.326000 
131 41023.9 0.328300 
132 41056.4 0.330300 
133 41088.9 0.332400 
134 41121.5 0.335100 
135 41154.2 0.338600 
136 41186.8 0.344800 
137 41219.6 0.350700 
138 41252.4 0.355200 
139 41285.2 0.361700 
140 41318.1 0.368900 
141 41351.1 0.376400 
142 41384.1 0.383800 
143 41417.1 0.391600 
144 41450.2 0.399500 
145 41483.4 0.408500 
146 41516.6 0.418100 
147 41549.9 0.426900 
148 41583.2 0.434900 
149 41616.6 0.441100 
150 41650.0 0.447300 
151 41683.5 0.454500 
152 41717.0 0.460500 
153 41750.6 0.466000 
154 41784.2 0.470900 
155 41817.9 0.475500 
156 41851.7 0.479800 
157 41885.5 0.484100 
158 41919.3 0.488500 
159 41953.3 0.490800 
160 41987.2 0.492200 
161 42021.3 0.494800 
162 42055.3 0.496700 
163 42089.5 0.497200 
164 42123.7 0.497400 
165 42157.9 0.497000 
166 42192.2 0.497200 
167 42226.6 0.496300 
168 42261.0 0.494200 
169 42295.5 0.492300 
170 42330.0 0.490400 
171 42364.6 0.488300 
172 42399.2 0.487300 
173 42433.9 0.484700 
174 42468.7 0.480500 
175 42503.5 0.477300 
176 42538.3 0.474900 
177 42573.3 0.472800 
178 42608.2 0.470400 
179 42643.3 0.468000 
180 42678.4 0.467400 
181 42713.5 0.466400 
182 42748.7 0.464600 
183 42784.0 0.465100 
184 42819.3 0.465900 
185 42854.7 0.465700 
186 42890.2 0.466200 
187 42925.7 0.467700 
188 42961.3 0.471400 
189 42996.9 0.474400 
190 43032.6 0.477300 
191 43068.3 0.480700 
192 43104.1 0.483200 
193 43140.0 0.486400 
194 43175.9 0.490200 
195 43211.9 0.492900 
196 43247.9 0.495400 
197 43284.0 0.498300 
198 43320.2 0.501400 
199 43356.4 0.504600 
200 43392.7 0.506900 
201 43429.0 0.509000 
202 43465.4 0.510800 
203 43501.9 0.512800 
204 43538.4 0.514800 
205 43575.0 0.515600 
206 43611.6 0.516200 
207 43648.3 0.519400 
208 43685.1 0.522800 
209 43721.9 0.523700 
210 43758.8 0.525200 
211 43795.8 0.527900 
212 43832.8 0.529900 
213 43869.9 0.531300 
214 43907.1 0.533600 
215 43944.3 0.536800 
216 43981.5 0.539100 
217 44018.9 0.540700 
218 44056.3 0.542300 
219 44093.7 0.543800 
220 44131.3 0.545900 
221 44168.9 0.547300 
222 44206.5 0.547000 
223 44244.2 0.547100 
224 44282.0 0.547900 
225 44319.9 0.548000 
226 44357.8 0.548100 
227 44395.7 0.548100 
228 44433.8 0.546400 
229 44471.9 0.546200 
230 44510.1 0.546700 
231 44548.3 0.544300 
232 44586.6 0.541900 
233 44625.0 0.541700 
234 44663.4 0.541800 
235 44701.9 0.540000 
236 44740.5 0.537500 
237 44779.1 0.536500 
238 44817.8 0.535100 
239 44856.6 0.532300 
240 44895.4 0.531000 
241 44934.3 0.529700 
242 44973.3 0.526600 
243 45012.4 0.523500 
244 45051.5 0.521800 
245 45090.6 0.519100 
246 45129.9 0.516500 
247 45169.2 0.515500 
248 45208.6 0.513500 
249 45248.0 0.511000 
250 45287.5 0.509900 
251 45327.1 0.508200 
252 45366.8 0.506700 
253 45406.5 0.506900 
254 45446.3 0.506900 
255 45486.2 0.505200 
256 45526.1 0.504000 
257 45566.1 0.503700 
258 45606.2 0.503200 
259 45646.3 0.503400 
260 45686.5 0.503200 
261 45726.8 0.501800 
262 45767.2 0.500600 
263 45807.6 0.499800 
264 45848.1 0.498100 
265 45888.7 0.495500 
266 45929.3 0.493900 
267 45970.1 0.493000 
268 46010.9 0.491100 
269 46051.7 0.488900 
270 46092.7 0.486000 
271 46133.7 0.483600 
272 46174.7 0.481200 
273 46215.9 0.477700 
274 46257.1 0.475200 
275 46298.4 0.472500 
276 46339.8 0.469700 
277 46381.2 0.470500 
278 46422.8 0.471700 
279 46464.4 0.472600 
280 46506.0 0.474400 
281 46547.8 0.475100 
282 46589.6 0.476500 
283 46631.5 0.479700 
284 46673.5 0.482600 
285 46715.5 0.484500 
286 46757.6 0.486300 
287 46799.8 0.488900 
288 46842.1 0.491000 
289 46884.5 0.492300 
290 46926.9 0.494100 
291 46969.4 0.495500 
292 47012.0 0.497000 
293 47054.7 0.498300 
294 47097.4 0.498500 
295 47140.2 0.497900 
296 47183.1 0.496600 
297 47226.1 0.494600 
298 47269.1 0.493800 
299 47312.3 0.492300 
300 47355.5 0.489100 
301 47398.7 0.485300 
302 47442.1 0.483300 
303 47485.6 0.480500 
304 47529.1 0.476700 
305 47572.7 0.473800 
306 47616.4 0.470700 
307 47660.1 0.467100 
308 47704.0 0.464800 
309 47747.9 0.462200 
310 47791.9 0.458200 
311 47836.0 0.454300 
312 47880.2 0.451300 
313 47924.4 0.449600 
314 47968.8 0.448500 
315 48013.2 0.446700 
316 48057.7 0.445200 
317 48102.3 0.443600 
318 48146.9 0.442100 
319 48191.7 0.442100 
320 48236.5 0.442100 
321 48281.4 0.440500 
322 48326.4 0.439900 
323 48371.5 0.441000 
324 48416.6 0.441100 
325 48461.9 0.440500 
326 48507.2 0.440900 
327 48552.7 0.441000 
328 48598.2 0.440600 
329 48643.7 0.441100 
330 48689.4 0.441000 
331 48735.2 0.441100 
332 48781.0 0.441400 
333 48827.0 0.441800 
334 48873.0 0.443500 
335 48919.1 0.444100 
336 48965.3 0.444600 
337 49011.6 0.445400 
338 49057.9 0.446100 
339 49104.4 0.446000 
340 49150.9 0.443800 
341 49197.6 0.441900 
342 49244.3 0.439100 
343 49291.1 0.434400 
344 49338.0 0.427100 
345 49385.0 0.418700 
346 49432.1 0.410800 
347 49479.2 0.402300 
348 49526.5 0.393600 
349 49573.8 0.386100 
350 49621.3 0.380000 
351 49668.8 0.376400 
352 49716.4 0.374300 
353 49764.1 0.372600 
354 49811.9 0.371600 
355 49859.8 0.372800 
356 49907.8 0.368600 
357 49955.9 0.356200 
358 50004.1 0.330300 
359 50052.3 0.293200 
360 50100.7 0.247800 
361 50149.2 0.192700 
362 50197.7 0.139000 
363 50246.3 0.096840 
364 50295.1 0.065350 
365 50343.9 0.042360 
366 50392.8 0.027350 
367 50441.9 0.017490 
368 50491.0 0.010810 
369 50540.2 0.006694 
370 50589.5 0.003758 
371 50638.9 0.001993 
372 50688.4 0.000901 
373 50738.0 0.000591 
374 50787.7 0.000486 
375 50837.5 0.000303 
376 50887.4 0.000300 
377 50937.4 0.000369 
378 50987.4 0.000303 
379 51037.6 0.000205 
380 51087.9 0.000180 
381 51138.3 0.000096 
382 51188.8 0.000108 
383 51239.4 0.000118 
384 51290.0 0.000190 
385 51340.8 0.000274 
386 51391.7 0.000265 
387 51442.7 0.000305 
388 51493.8 0.000315 
389 51545.0 0.000283 
390 51596.3 0.000371 
391 51647.6 0.000458 
392 51699.1 0.000466 
393 51750.7 0.000460 
394 51802.4 0.000500 
395 51854.2 0.000489 
396 51906.1 0.000411 
397 51958.1 0.000421 
398 52010.3 0.000477 
399 52062.5 0.000431 
400 52114.8 0.000384 
401 52167.2 0.000402 
402 52219.8 0.000386 
403 52220.0 0.000000 
