4.213 
0.8232 
0.7328 
0.619 
0.67 
2.9778 
0.0 
0.6202 
0.5197 
2.1145 
0.0 
2.6711 
0.663 
1.136 
0.7799 
1.9306 
0.667 
0.3438 
0.303 
0.661 
0.124 
0.0 
2.6695 
0.7587 
0.839 
1.0887 
2.0987 
5.786 
0.487 
1.135 
0.3481 
1.428 
0.233 
2.1659 
0.666 
0.66 
0.733 
1.469 
0.733 
0.7324 
1.146 
2.5426 
0.1237 
1.017 
0.672 
0.671 
0.4442 
2.7034 
0.665 
0.951 
1.032 
1.305 
0.5248 
0.967 
0.681 
0.372 
1.089 
0.978 
0.0 
0.3327 
0.5227 
0.632 
2.5234 
2.5391 
0.0 
0.6874 
0.966 
1.552 
0.0 
0.6817 
0.457 
5.375 
0.733 
0.963 
2.6909 
0.4039 
0.3155 
0.2021 
0.561 
0.619 
0.679 
0.85 
1.0446 
1.378 
0.6 
0.0 
0.203 
2.5641 
0.2806 
0.0016 
0.735 
1.467 
0.8233 
0.2574 
1.343 
3.2438 
0.0 
0.0 
1.045 
0.964 
0.964 
1.001 
0.824 
2.6733 
1.295 
1.012 
0.214 
0.1256 
0.688 
0.967 
1.3589 
2.9903 
0.4182 
3.2479 
1.116 
0.8324 
0.0 
0.404 
0.977 
0.685 
4.406 
0.281 
3.685 
0.679 
0.6206 
0.5789 
3.701 
0.986 
0.4367 
0.675 
0.1471 
2.1872 
0.964 
0.988 
0.6884 
0.983 
0.833 
0.0 
0.2592 
2.1232 
0.67 
1.0348 
2.3278 
2.6933 
0.853 
0.9873 
0.532 
1.182 
0.1465 
0.0018 
1.296 
1.182 
1.381 
1.017 
0.5814 
0.5252 
1.135 
3.709 
2.6971 
0.9903 
0.6459 
0.0 
0.3044 
0.6855 
1.381 
0.1424 
0.0 
0.5319 
5.563 
0.9795 
1.125 
0.0 
0.645 
3.706 
1.295 
0.6458 
2.4704 
1.346 
1.611 
1.101 
2.7008 
0.7375 
3.708 
0.731 
0.519 
3.4731 
0.686 
0.7337 
2.8067 
0.3479 
0.2426 
1.102 
2.3245 
0.7602 
2.633 
0.1996 
1.4605 
3.03 
2.9672 
0.1032 
0.4237 
0.2423 
0.0 
0.3669 
0.0 
0.297 
2.5225 
1.095 
0.5235 
1.382 
1.0459 
0.5608 
4.4307 
1.045 
3.468 
2.0632 
0.2287 
0.0 
1.1029 
1.875 
0.1507 
0.625 
0.6795 
0.611 
0.0 
1.1 
2.3471 
1.119 
0.5031 
0.762 
0.3324 
1.624 
3.562 
2.56 
1.0958 
2.0531 
0.7396 
0.6513 
0.842 
0.6859 
0.976 
0.6509 
0.2969 
0.761 
0.2751 
0.3423 
0.343 
1.096 
1.414 
0.649 
1.189 
0.6643 
0.1495 
1.7649 
0.7844 
3.473 
0.7595 
3.0255 
0.0 
1.101 
1.9725 
3.7027 
2.6796 
1.123 
0.762 
3.47 
0.358 
0.9917 
0.7621 
0.582 
0.6787 
0.84 
3.47 
0.506 
0.6436 
0.5711 
0.859 
0.413 
0.6733 
0.8329 
1.8742 
4.76 
1.096 
1.315 
0.964 
3.0322 
0.0 
0.0 
0.276 
0.3368 
0.674 
4.374 
0.28 
1.382 
0.7606 
0.7 
0.619 
0.783 
1.252 
2.8094 
0.858 
0.521 
0.669 
0.7362 
0.535 
0.0 
3.4662 
0.687 
0.5244 
0.38 
1.226 
0.6896 
0.671 
2.3166 
0.1286 
0.4048 
0.3354 
1.245 
0.3354 
2.4327 
3.828 
3.1674 
1.222 
0.832 
1.002 
0.358 
0.735 
0.3588 
0.7628 
0.5229 
0.905 
0.7833 
1.224 
0.734 
0.991 
0.128 
0.0004 
0.735 
0.0027 
0.579 
0.841 
3.704 
0.0007 
0.7364 
2.8984 
0.366 
0.2196 
1.329 
0.0 
0.5239 
0.5147 
0.6206 
0.4249 
0.733 
2.343 
0.735 
0.0 
0.6104 
0.5338 
0.98 
0.1225 
2.3204 
0.347 
0.905 
0.73 
1.956 
1.015 
0.416 
0.246 
1.615 
0.339 
1.413 
0.5181 
0.0 
0.6278 
0.7316 
0.645 
1.384 
0.4458 
0.213 
2.3202 
0.3359 
0.0 
0.0 
1.612 
5.518 
0.9798 
0.5796 
0.1304 
0.2789 
3.478 
0.545 
0.0017 
0.576 
0.559 
0.67 
1.572 
0.672 
0.0 
1.095 
0.4574 
0.8528 
1.389 
0.529 
0.769 
1.046 
0.9641 
1.295 
3.791 
0.578 
1.14 
2.3948 
1.296 
1.038 
0.703 
1.308 
0.215 
1.382 
1.1459 
0.0 
1.375 
0.251 
4.4297 
1.6113 
0.7127 
1.245 
0.688 
1.618 
1.612 
0.51 
1.297 
2.6885 
1.049 
1.1463 
1.293 
1.227 
0.6702 
0.6676 
1.096 
2.5781 
2.3143 
1.294 
0.783 
0.2281 
0.6659 
1.158 
1.357 
1.841 
0.7306 
0.7358 
2.5708 
0.13 
1.2198 
0.459 
4.836 
0.967 
1.11 
0.731 
0.7833 
0.2881 
3.566 
1.223 
0.832 
1.12 
0.1302 
0.6652 
1.123 
0.4707 
0.736 
5.787 
0.3374 
0.8331 
0.337 
0.2149 
0.0 
0.578 
0.331 
0.553 
3.2293 
0.0 
0.0 
2.13 
0.2322 
1.468 
0.666 
2.0356 
1.158 
4.763 
0.5577 
0.2466 
0.559 
0.6655 
1.145 
2.2158 
0.2276 
1.038 
0.0 
0.538 
1.048 
0.0 
0.675 
4.497 
0.832 
0.683 
0.577 
0.735 
1.222 
1.0202 
0.734 
0.3356 
0.2612 
0.0 
0.4693 
0.736 
1.383 
1.38 
2.0005 
1.413 
0.6706 
0.7358 
4.142 
0.5339 
2.0069 
3.597 
1.264 
1.016 
2.5729 
1.016 
0.7337 
2.6061 
0.1516 
3.064 
0.6683 
0.297 
1.525 
4.02 
1.7669 
0.234 
1.882 
0.8326 
0.476 
2.6305 
0.337 
0.963 
0.3103 
0.196 
0.735 
3.708 
4.293 
0.672 
0.682 
0.0 
0.9846 
1.357 
0.735 
0.3317 
0.6823 
0.667 
0.737 
1.245 
1.8499 
1.8828 
0.287 
0.431 
0.0 
0.1016 
1.9957 
0.8338 
0.3305 
1.414 
0.2958 
0.664 
0.671 
0.666 
0.2273 
0.7329 
2.7973 
1.108 
0.4738 
1.295 
0.077 
3.385 
1.316 
0.0 
0.0 
0.388 
1.173 
2.6274 
0.0 
0.6828 
0.61 
2.6119 
0.575 
5.828 
0.5342 
0.896 
2.349 
0.5337 
1.7738 
2.1449 
4.28 
1.5076 
0.7377 
0.0 
5.993 
0.9993 
0.546 
0.8635 
0.733 
0.7375 
0.1514 
1.0793 
3.652 
0.548 
0.671 
0.128 
0.548 
0.8419 
1.383 
0.841 
1.897 
1.76 
1.742 
1.98 
0.227 
0.84 
3.939 
2.1621 
1.7651 
0.8967 
0.343 
0.7365 
1.9213 
0.678 
0.665 
1.092 
0.549 
1.7672 
0.3368 
2.0156 
0.735 
0.346 
0.4685 
2.8024 
1.097 
0.7064 
2.228 
0.663 
2.1579 
0.737 
3.274 
0.731 
0.346 
1.22 
1.417 
0.542 
0.831 
1.0 
0.998 
5.475 
1.553 
1.022 
1.018 
0.523 
1.096 
0.667 
1.318 
0.0 
0.737 
0.195 
1.222 
1.609 
0.0 
1.318 
0.6705 
1.187 
0.5328 
0.995 
0.2276 
0.416 
0.5785 
0.5774 
1.8827 
1.9057 
4.775 
1.098 
1.135 
0.731 
1.423 
0.7364 
0.576 
0.763 
0.5445 
1.379 
0.729 
1.607 
1.112 
0.247 
0.737 
1.2171 
0.31 
1.219 
0.667 
0.6203 
1.045 
0.0 
5.886 
0.577 
1.317 
0.546 
0.668 
0.3331 
0.667 
2.8184 
0.736 
0.0 
0.668 
1.415 
0.5246 
1.9403 
1.438 
0.679 
0.7368 
0.622 
0.0 
1.9092 
1.173 
0.84 
1.173 
0.0 
1.849 
1.3 
1.036 
0.736 
0.735 
0.0 
2.223 
2.3528 
1.227 
0.6259 
1.307 
1.221 
4.869 
2.8281 
1.8849 
1.8502 
1.417 
1.547 
0.338 
2.8115 
1.306 
0.5433 
0.424 
2.688 
0.5337 
0.538 
0.3352 
1.426 
2.0764 
1.032 
0.735 
0.738 
1.127 
1.033 
1.047 
1.221 
0.737 
2.227 
1.729 
0.75 
0.736 
3.1823 
1.221 
1.315 
1.845 
2.8054 
1.5392 
1.288 
0.0 
1.094 
0.1315 
1.087 
0.898 
1.018 
1.306 
0.6788 
3.912 
0.742 
1.61 
1.221 
0.896 
0.6536 
0.333 
1.039 
0.0 
0.0 
1.221 
0.0 
1.221 
0.726 
1.7245 
0.218 
0.736 
3.083 
1.227 
1.378 
1.5368 
1.289 
0.523 
2.321 
1.295 
0.6218 
0.086 
0.338 
0.332 
0.0 
0.669 
0.895 
0.5368 
2.325 
0.6902 
1.903 
1.033 
1.224 
1.096 
1.2232 
1.04 
1.095 
2.5671 
0.312 
0.0 
1.115 
1.22 
0.67 
0.366 
0.733 
3.604 
0.0 
0.4247 
1.038 
0.727 
0.846 
1.219 
1.222 
0.726 
0.738 
0.735 
1.471 
0.914 
1.0392 
0.338 
0.366 
2.0065 
0.315 
1.368 
0.002 
0.214 
2.073 
0.426 
0.1516 
1.539 
0.841 
0.6803 
0.367 
0.955 
1.222 
1.102 
2.3115 
0.6695 
0.289 
0.741 
0.975 
1.122 
0.647 
0.667 
0.0 
1.097 
0.562 
0.609 
1.6121 
3.4724 
0.0 
0.2764 
0.1469 
0.1233 
0.3503 
5.446 
1.6146 
1.375 
2.317 
1.221 
0.497 
1.9182 
0.68 
0.952 
1.189 
0.77 
0.848 
3.2127 
1.094 
0.523 
0.664 
3.706 
1.087 
0.683 
0.1033 
1.223 
0.738 
2.4334 
0.8394 
2.6732 
1.309 
1.8761 
0.2613 
0.7638 
1.309 
0.4014 
0.681 
1.6113 
1.033 
2.3962 
3.0718 
0.644 
0.7684 
1.221 
0.995 
0.736 
1.11 
0.346 
0.975 
1.098 
0.733 
0.296 
0.469 
1.113 
0.276 
0.1559 
0.4076 
0.536 
0.9789 
0.665 
3.092 
0.324 
1.098 
0.7322 
2.7272 
2.4799 
1.3527 
0.606 
0.2797 
0.738 
0.0 
3.1105 
0.279 
1.6134 
1.93 
0.666 
0.5487 
0.976 
0.7351 
0.969 
1.555 
0.783 
2.3235 
2.2456 
1.6119 
0.852 
0.218 
2.6503 
1.8765 
0.1264 
0.0 
0.726 
0.6762 
3.494 
1.6069 
3.582 
2.6161 
1.038 
1.867 
0.5238 
0.837 
0.526 
0.217 
0.949 
1.4 
1.8834 
3.4129 
0.525 
1.222 
2.3271 
1.296 
0.5246 
1.109 
3.462 
2.6161 
4.12 
1.223 
1.202 
1.223 
0.215 
0.891 
0.91 
0.2162 
0.7347 
0.086 
1.22 
1.298 
0.1474 
1.221 
0.0 
0.2468 
0.0 
1.038 
0.525 
0.217 
0.894 
0.215 
1.135 
1.217 
1.152 
0.401 
0.738 
0.735 
0.605 
0.295 
0.6657 
0.0 
0.4 
2.5554 
0.524 
0.739 
1.325 
1.142 
1.61 
2.06 
3.498 
2.6734 
0.077 
0.737 
1.146 
0.667 
0.0 
0.734 
0.5245 
1.2239 
0.363 
1.127 
0.278 
0.0 
1.6112 
0.5586 
0.619 
0.2967 
0.979 
3.256 
0.5471 
1.109 
0.0 
0.0 
1.55 
2.4369 
0.5241 
1.297 
2.3652 
2.4164 
0.8068 
1.6011 
1.311 
0.422 
0.917 
3.596 
0.1032 
2.3134 
1.327 
0.5723 
0.3838 
0.076 
0.2124 
3.132 
0.4044 
1.6121 
1.2168 
2.5756 
0.548 
0.417 
0.084 
0.5623 
0.678 
0.669 
1.6095 
1.023 
0.0001 
1.023 
0.444 
0.607 
2.726 
1.179 
1.6016 
0.0 
2.234 
0.7669 
0.2155 
1.297 
1.2449 
2.4487 
1.1097 
0.9783 
1.215 
0.7431 
0.247 
0.6799 
1.017 
2.4065 
1.4671 
0.668 
0.615 
0.1183 
1.33 
1.2972 
0.3369 
0.86 
1.308 
1.0164 
0.561 
1.108 
1.2246 
1.9646 
2.4488 
1.794 
0.0009 
1.222 
4.804 
0.6697 
1.043 
0.6083 
0.649 
0.3385 
0.647 
0.0 
0.077 
2.5769 
0.755 
0.3094 
0.7086 
0.387 
2.0453 
3.617 
0.4698 
0.5453 
0.863 
0.9574 
1.6073 
2.9752 
0.3321 
1.2966 
1.2458 
0.3832 
0.5669 
0.572 
2.4485 
1.302 
1.978 
4.379 
0.681 
1.0404 
1.613 
0.895 
0.677 
1.108 
0.6683 
0.1038 
0.456 
0.605 
0.3459 
1.6098 
2.442 
0.73 
0.9706 
2.5845 
0.7428 
1.8843 
0.42 
0.0696 
0.2501 
1.019 
3.83 
0.6481 
2.118 
0.233 
1.018 
1.296 
0.768 
0.739 
0.734 
0.0 
2.302 
0.0013 
0.0 
0.768 
0.152 
0.5482 
0.6289 
1.112 
0.2751 
0.6774 
0.216 
0.6783 
0.2138 
1.4156 
1.04 
3.3083 
1.357 
1.124 
0.814 
0.425 
0.6715 
0.7712 
0.0 
0.31 
0.7336 
0.4257 
1.6138 
1.0387 
1.037 
0.7336 
1.0428 
0.0 
1.136 
0.968 
0.426 
0.7346 
0.761 
0.2159 
0.9396 
0.2137 
0.6654 
0.7324 
0.147 
0.2394 
5.292 
0.738 
0.681 
0.0 
0.3586 
1.037 
1.11 
0.0 
0.0 
0.2283 
0.7369 
1.328 
1.2566 
0.6658 
0.8386 
1.127 
2.0397 
0.476 
0.469 
0.967 
0.7058 
0.733 
0.7282 
0.8268 
2.8102 
0.638 
1.0394 
1.047 
4.811 
0.469 
0.67 
1.044 
0.738 
1.325 
0.0 
0.4197 
1.045 
2.5771 
1.413 
0.5351 
0.0459 
1.5225 
0.84 
0.3704 
0.0 
2.7184 
0.736 
0.2473 
0.247 
1.2965 
0.2776 
0.976 
0.9679 
1.2199 
0.196 
2.4481 
0.6682 
2.402 
0.8206 
0.7318 
0.951 
3.618 
0.422 
2.4495 
0.6827 
1.044 
1.5496 
0.6669 
1.614 
3.168 
0.6227 
1.0421 
0.5322 
0.286 
3.4119 
0.6294 
0.2416 
4.744 
0.732 
0.533 
1.427 
0.382 
1.1879 
0.733 
1.8139 
0.2859 
0.41 
0.419 
2.3682 
0.5458 
0.678 
1.4356 
1.088 
0.4223 
0.734 
0.6771 
4.859 
5.934 
